# Tc_lossless =  nan K, Tc_50 =  nan K, Tc_superconducting =  nan K, ramp-down-pristine
#datetime                        t_s     iHTS_A                vHTS_V                tHTS_K  tTAR_K
0202-08-15_23:19:06.145000       79.81        1.49826400e-03        2.91654050e-06  96.9257  95.6167
0202-08-15_23:19:08.227000       81.89        1.60386000e-03        2.91486405e-06  96.9486  95.8146
0202-08-15_23:19:10.324000       83.99        1.45054900e-03        2.91833475e-06  96.9501  96.1252
0202-08-15_23:19:12.402000       86.07        1.48000900e-03        2.91549190e-06  96.9539  95.8288
0202-08-15_23:19:14.566000       88.23        1.33560300e-03        2.91799580e-06  96.9584  95.5442
0202-08-15_23:19:16.664000       90.33        1.74292300e-03        2.92137355e-06  96.9733  95.8193
0202-08-15_23:19:18.742000       92.41        1.74396200e-03        2.91706670e-06  96.9600  95.9787
0202-08-15_23:19:20.832000       94.49        1.51829900e-03        2.91681875e-06  96.9167  95.9182
0202-08-15_23:19:22.906000       96.57        1.47251400e-03        2.91886405e-06  96.9471  96.0616
0202-08-15_23:19:25              98.66        1.61677200e-03        2.92103210e-06  96.9678  96.1270
0202-08-15_23:19:27.100000      100.77        1.63124200e-03        2.91629090e-06  96.9436  95.3520
0202-08-15_23:19:29.180000      102.84        1.53447600e-03        2.92260740e-06  96.9666  95.5476
0202-08-15_23:19:31.254000      104.92        1.62812500e-03        2.92859195e-06  96.9849  95.8976
0202-08-15_23:19:33.348000      107.01        1.60081700e-03        2.92419160e-06  96.9675  95.8789
0202-08-15_23:19:35.440000      109.11        1.55837100e-03        2.91612445e-06  96.9425  95.7738
0202-08-15_23:19:37.574000      111.24        1.80162000e-03        2.91814645e-06  96.9710  95.5867
0202-08-15_23:19:39.676000      113.34        1.58827600e-03        2.91727880e-06  96.9573  95.4526
0202-08-15_23:19:41.758000      115.42        1.61350600e-03        2.91780755e-06  96.9259  95.7707
0202-08-15_23:19:43.844000      117.51        1.64786400e-03        2.91607170e-06  96.9612  95.5439
0202-08-15_23:19:45.930000      119.59        1.80488500e-03        2.92062700e-06  96.9354  95.4462
0202-08-15_23:19:48.047000      121.71        1.76295900e-03        2.91808835e-06  96.9398  95.5849
0202-08-15_23:19:50.150000      123.81        1.60356300e-03        2.91486560e-06  96.9644  95.5121
0202-08-15_23:19:52.240000      125.90        1.62330200e-03        2.91500090e-06  96.9278  95.4382
0202-08-15_23:19:54.312000      127.98        1.74477800e-03        2.91951720e-06  96.9168  95.3573
0202-08-15_23:19:56.402000      130.07        1.51377300e-03        2.92159345e-06  96.9271  95.8880
0202-08-15_23:19:58.510000      132.17        1.29063400e-03        2.91686170e-06  96.9242  95.4365
0202-08-15_23:20:00.598000      134.26        1.39830800e-03        2.91775310e-06  96.9263  95.3983
0202-08-15_23:20:02.684000      136.35        1.40810300e-03        2.92314510e-06  96.9623  95.3449
0202-08-15_23:20:04.770000      138.43        1.54056200e-03        2.93150755e-06  96.9173  95.4192
0202-08-15_23:20:06.844000      140.51        1.51117600e-03        2.92181035e-06  96.9147  95.5903
0202-08-15_23:20:08.940000      142.61        1.82878000e-03        2.91830865e-06  96.9457  95.5228
0202-08-15_23:20:11.055000      144.72        1.79605500e-03        2.91421700e-06  96.9556  95.4454
0202-08-15_23:20:13.152000      146.82        1.48282900e-03        2.91409305e-06  96.9139  95.6251
0202-08-15_23:20:15.234000      148.90        1.75590900e-03        2.91901815e-06  96.8928  95.0968
0202-08-15_23:20:17.332000      151.00        1.59844200e-03        2.91619945e-06  96.9130  95.2436
0202-08-15_23:20:19.410000      153.07        1.43771100e-03        2.92081675e-06  96.9177  95.4231
0202-08-15_23:20:21.527000      155.19        1.23520000e-03        2.91291060e-06  96.8868  95.1925
0202-08-15_23:20:23.633000      157.30        1.26391900e-03        2.92041295e-06  96.9110  95.5160
0202-08-15_23:20:25.730000      159.39        1.51733500e-03        2.91495895e-06  96.8887  95.0504
0202-08-15_23:20:27.816000      161.48        1.03098400e-03        2.91071215e-06  96.8677  95.6558
0202-08-15_23:20:29.910000      163.57        1.57514200e-03        2.91718950e-06  96.8774  95.0348
0202-08-15_23:20:31.996000      165.66        1.14652300e-03        2.91641480e-06  96.8752  95.0876
0202-08-15_23:20:34.113000      167.78        1.43652400e-03        2.92186945e-06  96.8664  95.5190
0202-08-15_23:20:36.200000      169.86        1.33063100e-03        2.91973125e-06  96.8589  94.6460
0202-08-15_23:20:38.285000      171.95        1.45114200e-03        2.91734120e-06  96.8709  95.1531
0202-08-15_23:20:40.367000      174.03        1.57425100e-03        2.91762220e-06  96.8730  95.1411
0202-08-15_23:20:42.457000      176.12        1.36098100e-03        2.90885245e-06  96.8671  94.9945
0202-08-15_23:20:44.600000      178.26        1.43466900e-03        2.91681870e-06  96.8668  95.0604
0202-08-15_23:20:46.695000      180.36        1.67517200e-03        2.91030940e-06  96.8526  95.2298
0202-08-15_23:20:48.793000      182.46        1.46227400e-03        2.91675505e-06  96.8142  95.1619
0202-08-15_23:20:50.867000      184.53        1.22503600e-03        2.91378405e-06  96.8275  95.1228
0202-08-15_23:20:52.953000      186.62        1.40572900e-03        2.91647765e-06  96.8344  95.3608
0202-08-15_23:20:55.110000      188.77        1.42428000e-03        2.92171470e-06  96.8478  95.2436
0202-08-15_23:20:57.207000      190.87        1.45017800e-03        2.91753165e-06  96.8300  94.8171
0202-08-15_23:20:59.285000      192.95        1.33768100e-03        2.91719080e-06  96.8336  95.0495
0202-08-15_23:21:01.370000      195.04        1.55265700e-03        2.91880405e-06  96.8225  94.6741
0202-08-15_23:21:03.523000      197.19        1.66760300e-03        2.91514665e-06  96.7857  94.9007
0202-08-15_23:21:05.630000      199.29        1.56237800e-03        2.91161400e-06  96.8238  94.9742
0202-08-15_23:21:07.707000      201.37        1.66886500e-03        2.92720750e-06  96.7984  94.8380
0202-08-15_23:21:09.797000      203.46        1.35140800e-03        2.91970350e-06  96.7641  95.0891
0202-08-15_23:21:11.875000      205.54        1.71190400e-03        2.90671930e-06  96.7884  94.8489
0202-08-15_23:21:13.950000      207.61        1.48883900e-03        2.92859920e-06  96.7440  94.8342
0202-08-15_23:21:16.125000      209.79        1.28009600e-03        2.91564465e-06  96.7539  94.7405
0202-08-15_23:21:18.223000      211.89        1.60148500e-03        2.91486995e-06  96.7512  95.0168
0202-08-15_23:21:20.300000      213.96        1.95448600e-03        2.92081815e-06  96.7759  94.8337
0202-08-15_23:21:22.383000      216.05        1.88206000e-03        2.91784320e-06  96.7345  94.7643
0202-08-15_23:21:24.460000      218.12        1.81393900e-03        2.91301030e-06  96.7053  94.7523
0202-08-15_23:21:26.600000      220.27        1.50991400e-03        2.91062365e-06  96.7351  94.4427
0202-08-15_23:21:28.690000      222.36        1.43904700e-03        2.91536490e-06  96.7169  94.5579
0202-08-15_23:21:30.770000      224.43        1.35333800e-03        2.90959240e-06  96.7276  94.8241
0202-08-15_23:21:32.855000      226.52        1.37270600e-03        2.91381345e-06  96.6940  94.3915
0202-08-15_23:21:34.930000      228.60        1.15691300e-03        2.91121045e-06  96.6809  94.6002
0202-08-15_23:21:37.055000      230.72        1.04916500e-03        2.92122110e-06  96.6901  94.5881
0202-08-15_23:21:39.145000      232.81        1.27735000e-03        2.91232640e-06  96.6828  94.4662
0202-08-15_23:21:41.230000      234.89        1.48572300e-03        2.90919660e-06  96.7023  94.3607
0202-08-15_23:21:43.310000      236.97        1.75331200e-03        2.91511425e-06  96.6780  94.5450
0202-08-15_23:21:45.402000      239.07        1.10222200e-03        2.91062090e-06  96.6605  94.3294
0202-08-15_23:21:47.535000      241.20        1.41871400e-03        2.91492685e-06  96.6802  94.5614
0202-08-15_23:21:49.637000      243.30        1.10073800e-03        2.91114600e-06  96.6206  94.7301
0202-08-15_23:21:51.723000      245.39        1.24596100e-03        2.91625910e-06  96.6264  94.5567
0202-08-15_23:21:53.810000      247.47        1.42583800e-03        2.91561420e-06  96.6220  94.6921
0202-08-15_23:21:55.900000      249.56        1.27905700e-03        2.91957625e-06  96.6255  94.3100
0202-08-15_23:21:57.984000      251.65        1.56356500e-03        2.91316160e-06  96.6199  94.1245
0202-08-15_23:22:00.113000      253.78        1.15765600e-03        2.92028970e-06  96.5953  94.3793
0202-08-15_23:22:02.215000      255.88        1.80748300e-03        2.91827495e-06  96.5719  94.1164
0202-08-15_23:22:04.293000      257.96        1.23342000e-03        2.91793405e-06  96.5932  94.2518
0202-08-15_23:22:06.383000      260.05        1.43956600e-03        2.91238775e-06  96.5992  94.2701
0202-08-15_23:22:08.457000      262.12        1.11239000e-03        2.91037350e-06  96.5541  94.3337
0202-08-15_23:22:10.598000      264.26        1.34406200e-03        2.91133350e-06  96.5806  94.4250
0202-08-15_23:22:12.684000      266.35        1.30198700e-03        2.91003190e-06  96.5464  94.5838
0202-08-15_23:22:14.760000      268.43        9.76740000e-04        2.91399845e-06  96.5573  94.5509
0202-08-15_23:22:16.836000      270.50        1.13457700e-03        2.91071385e-06  96.5673  94.1178
0202-08-15_23:22:18.934000      272.60        1.49076900e-03        2.90817265e-06  96.5347  94.1772
0202-08-15_23:22:21.094000      274.76        1.11832600e-03        2.91396750e-06  96.5413  94.3425
0202-08-15_23:22:23.176000      276.84        1.29211800e-03        2.90829145e-06  96.5006  94.5752
0202-08-15_23:22:25.254000      278.92        9.46240100e-04        2.91309840e-06  96.5069  94.3458
0202-08-15_23:22:27.348000      281.01        1.47258800e-03        2.91235465e-06  96.4955  94.2306
0202-08-15_23:22:29.426000      283.09        1.36476600e-03        2.90916510e-06  96.4892  94.2213
0202-08-15_23:22:31.570000      285.24        1.15572600e-03        2.90662400e-06  96.4418  93.9467
0202-08-15_23:22:33.656000      287.32        1.38101700e-03        2.91567370e-06  96.5012  94.1555
0202-08-15_23:22:35.758000      289.42        1.37537700e-03        2.91068585e-06  96.4429  93.9613
0202-08-15_23:22:37.848000      291.51        1.53781600e-03        2.91242125e-06  96.4436  93.9378
0202-08-15_23:22:39.926000      293.59        1.64489600e-03        2.90972880e-06  96.4397  94.3666
0202-08-15_23:22:42.060000      295.72        1.20173400e-03        2.91452925e-06  96.4278  94.0910
0202-08-15_23:22:44.160000      297.82        9.08765800e-04        2.90845555e-06  96.4149  94.0100
0202-08-15_23:22:46.240000      299.90        8.81680500e-04        2.90852020e-06  96.4303  93.9838
0202-08-15_23:22:48.316000      301.98        1.69721200e-03        2.91384820e-06  96.4221  93.7235
0202-08-15_23:22:50.402000      304.07        1.56594000e-03        2.90706175e-06  96.4266  94.2540
0202-08-15_23:22:52.523000      306.19        1.49188200e-03        2.90864065e-06  96.4155  94.0565
0202-08-15_23:22:54.630000      308.29        1.60044600e-03        2.91201875e-06  96.4026  93.8771
0202-08-15_23:22:56.707000      310.37        1.77037900e-03        2.90120375e-06  96.3902  93.6800
0202-08-15_23:22:58.805000      312.47        1.68660000e-03        2.90696585e-06  96.3500  93.9048
0202-08-15_23:23:00.880000      314.54        2.00301700e-03        2.90919700e-06  96.3519  94.0029
0202-08-15_23:23:02.953000      316.62        1.57128300e-03        2.90671510e-06  96.3668  94.0199
0202-08-15_23:23:05.066000      318.73        1.61165200e-03        2.91341065e-06  96.3519  93.6535
0202-08-15_23:23:07.168000      320.83        1.47058500e-03        2.89590215e-06  96.2955  93.7755
0202-08-15_23:23:09.266000      322.93        1.99841600e-03        2.90916410e-06  96.3362  93.6779
0202-08-15_23:23:11.350000      325.02        1.76154900e-03        2.90572520e-06  96.2719  93.6161
0202-08-15_23:23:13.445000      327.11        1.72978800e-03        2.90724370e-06  96.2768  93.7880
0202-08-15_23:23:15.574000      329.24        1.65765900e-03        2.90501175e-06  96.3095  93.7797
0202-08-15_23:23:17.668000      331.33        1.53507000e-03        2.90792495e-06  96.2302  93.5121
0202-08-15_23:23:19.754000      333.42        1.39630400e-03        2.89314350e-06  96.2428  93.7190
0202-08-15_23:23:21.832000      335.50        1.76058400e-03        2.90996865e-06  96.2330  93.4562
0202-08-15_23:23:23.926000      337.59        1.40179500e-03        2.90758255e-06  96.2130  93.5656
0202-08-15_23:23:26.043000      339.71        1.53766700e-03        2.90467005e-06  96.2234  93.8387
0202-08-15_23:23:28.125000      341.79        1.17858100e-03        2.90972085e-06  96.2024  93.9397
0202-08-15_23:23:30.215000      343.88        1.39474500e-03        2.90346115e-06  96.1913  93.6649
0202-08-15_23:23:32.297000      345.96        1.53670200e-03        2.90590895e-06  96.1873  93.4915
0202-08-15_23:23:34.395000      348.06        1.17294200e-03        2.90293435e-06  96.1943  93.3089
0202-08-15_23:23:36.504000      350.17        1.58961200e-03        2.89887480e-06  96.1751  93.5461
0202-08-15_23:23:38.637000      352.30        1.25983800e-03        2.89646095e-06  96.1577  93.5886
0202-08-15_23:23:40.734000      354.40        1.24462500e-03        2.90058080e-06  96.1804  93.4053
0202-08-15_23:23:42.812000      356.48        1.30488100e-03        2.89769890e-06  96.1518  93.5130
0202-08-15_23:23:44.906000      358.57        1.38791800e-03        2.90461045e-06  96.1394  93.2558
0202-08-15_23:23:46.980000      360.65        1.20796700e-03        2.90708950e-06  96.1433  93.6306
0202-08-15_23:23:49.105000      362.77        1.33181800e-03        2.89639630e-06  96.1396  93.5030
0202-08-15_23:23:51.188000      364.85        1.27920600e-03        2.89887680e-06  96.1055  93.4109
0202-08-15_23:23:53.280000      366.95        1.27104300e-03        2.90144890e-06  96.0581  93.6160
0202-08-15_23:23:55.363000      369.03        1.33538000e-03        2.90250120e-06  96.0835  93.2146
0202-08-15_23:23:57.460000      371.13        1.23742700e-03        2.89543680e-06  96.0539  93.2806
0202-08-15_23:23:59.613000      373.28        1.27876000e-03        2.89460010e-06  96.0621  93.3304
0202-08-15_23:24:01.710000      375.37        1.17190300e-03        2.90107475e-06  96.0572  93.1314
0202-08-15_23:24:03.810000      377.47        1.32135500e-03        2.89655120e-06  96.0354  93.2027
0202-08-15_23:24:05.883000      379.55        1.24269600e-03        2.89785270e-06  96.0328  93.2218
0202-08-15_23:24:07.977000      381.64        1.29835100e-03        2.89949635e-06  95.9882  93.3256
0202-08-15_23:24:10.100000      383.76        1.54813000e-03        2.89289580e-06  96.0134  93.2323
0202-08-15_23:24:12.188000      385.85        1.41277800e-03        2.89627385e-06  95.9710  93.3371
0202-08-15_23:24:14.285000      387.95        1.48601900e-03        2.90113885e-06  95.9690  93.0598
0202-08-15_23:24:16.370000      390.04        1.25590500e-03        2.90529130e-06  95.9729  93.4403
0202-08-15_23:24:18.457000      392.12        1.42049500e-03        2.89968305e-06  95.9733  93.1613
0202-08-15_23:24:20.574000      394.24        1.71346300e-03        2.89931070e-06  95.9416  93.3380
0202-08-15_23:24:22.676000      396.34        1.56957600e-03        2.89896980e-06  95.9105  93.3075
0202-08-15_23:24:24.750000      398.42        1.42628300e-03        2.90169820e-06  95.9228  93.1289
0202-08-15_23:24:26.836000      400.50        1.29553000e-03        2.89934235e-06  95.9183  93.0714
0202-08-15_23:24:28.934000      402.60        1.35311500e-03        2.89658440e-06  95.8554  93.0877
0202-08-15_23:24:31.074000      404.74        1.72385200e-03        2.90017840e-06  95.8565  93.0744
0202-08-15_23:24:33.176000      406.84        1.39934600e-03        2.89896985e-06  95.8792  93.0497
0202-08-15_23:24:35.258000      408.92        9.29469300e-04        2.89993175e-06  95.8854  93.1390
0202-08-15_23:24:37.336000      411.00        1.41997600e-03        2.89261760e-06  95.8385  92.9160
0202-08-15_23:24:39.426000      413.09        1.55072800e-03        2.89441490e-06  95.8222  93.1894
0202-08-15_23:24:41.598000      415.26        1.44127300e-03        2.89537150e-06  95.8278  93.2030
0202-08-15_23:24:43.676000      417.34        1.73156900e-03        2.89205885e-06  95.8105  93.1220
0202-08-15_23:24:45.750000      419.41        1.46524200e-03        2.89487880e-06  95.8108  92.9935
0202-08-15_23:24:47.840000      421.50        1.23572100e-03        2.89004095e-06  95.7816  92.9688
0202-08-15_23:24:49.918000      423.58        1.47511100e-03        2.89503220e-06  95.7638  93.0430
0202-08-15_23:24:52.074000      425.74        1.95329900e-03        2.88991910e-06  95.7839  92.9758
0202-08-15_23:24:54.152000      427.82        1.40661800e-03        2.88830695e-06  95.7411  93.0809
0202-08-15_23:24:56.240000      429.90        1.13539300e-03        2.89326505e-06  95.7344  92.7882
0202-08-15_23:24:58.316000      431.98        1.43273900e-03        2.88836505e-06  95.7049  92.9004
0202-08-15_23:25:00.414000      434.08        1.21071300e-03        2.89230300e-06  95.6980  92.8534
0202-08-15_23:25:02.527000      436.19        1.24403200e-03        2.89292275e-06  95.7193  92.8683
0202-08-15_23:25:04.630000      438.29        1.46828400e-03        2.89140565e-06  95.6824  92.6478
0202-08-15_23:25:06.707000      440.37        1.21182600e-03        2.89515420e-06  95.6590  93.0302
0202-08-15_23:25:08.805000      442.47        1.24143500e-03        2.88499005e-06  95.6641  92.5010
0202-08-15_23:25:10.890000      444.56        1.51644400e-03        2.89509515e-06  95.6656  92.3514
0202-08-15_23:25:12.980000      446.64        1.28670000e-03        2.88805910e-06  95.6457  92.4918
0202-08-15_23:25:15.110000      448.78        1.56267500e-03        2.89413280e-06  95.5889  92.4831
0202-08-15_23:25:17.188000      450.85        1.58234000e-03        2.88641775e-06  95.6028  92.6556
0202-08-15_23:25:19.280000      452.95        1.75553800e-03        2.88409365e-06  95.6012  92.5633
0202-08-15_23:25:21.360000      455.02        1.65061000e-03        2.88951735e-06  95.5615  92.5492
0202-08-15_23:25:23.434000      457.10        1.39571000e-03        2.88849430e-06  95.5485  92.5753
0202-08-15_23:25:25.580000      459.24        1.58308200e-03        2.88657305e-06  95.5437  92.3451
0202-08-15_23:25:27.660000      461.33        1.36996000e-03        2.88880560e-06  95.5434  92.5436
0202-08-15_23:25:29.754000      463.42        1.53039500e-03        2.88369140e-06  95.4793  92.3277
0202-08-15_23:25:31.840000      465.51        1.39259300e-03        2.88840165e-06  95.5226  92.6243
0202-08-15_23:25:33.938000      467.60        1.40706400e-03        2.88809100e-06  95.4904  92.3972
0202-08-15_23:25:36.086000      469.75        1.39482000e-03        2.87622295e-06  95.5009  92.4746
0202-08-15_23:25:38.180000      471.84        1.42569000e-03        2.88868030e-06  95.4562  92.4144
0202-08-15_23:25:40.258000      473.92        1.47644700e-03        2.88982765e-06  95.4545  92.4266
0202-08-15_23:25:42.340000      476.00        1.50323600e-03        2.88796840e-06  95.4580  92.0256
0202-08-15_23:25:44.418000      478.08        1.78173300e-03        2.88601760e-06  95.4320  92.4704
0202-08-15_23:25:46.540000      480.20        2.06497900e-03        2.89057220e-06  95.4286  92.4651
0202-08-15_23:25:48.652000      482.32        1.45945400e-03        2.88304200e-06  95.4426  92.2000
0202-08-15_23:25:50.730000      484.39        1.30295200e-03        2.88087470e-06  95.4126  92.3208
0202-08-15_23:25:52.812000      486.48        1.07588000e-03        2.88437495e-06  95.3926  92.1516
0202-08-15_23:25:54.890000      488.56        1.07825400e-03        2.87613200e-06  95.3697  92.4568
0202-08-15_23:25:56.970000      490.63        1.16967700e-03        2.88204295e-06  95.3593  92.1144
0202-08-15_23:25:59.098000      492.76        1.22154700e-03        2.88204855e-06  95.3253  92.2184
0202-08-15_23:26:01.184000      494.85        1.17761700e-03        2.88322605e-06  95.3207  92.2052
0202-08-15_23:26:03.260000      496.93        1.34799500e-03        2.87972225e-06  95.3395  92.2269
0202-08-15_23:26:05.360000      499.02        1.13650700e-03        2.88471140e-06  95.3291  92.6528
0202-08-15_23:26:07.457000      501.12        1.02541900e-03        2.87807860e-06  95.3233  92.2425
0202-08-15_23:26:09.610000      503.27        1.18065900e-03        2.87835735e-06  95.2868  92.5130
0202-08-15_23:26:11.707000      505.37        1.34406200e-03        2.88102235e-06  95.2367  92.3118
0202-08-15_23:26:13.800000      507.47        1.33990600e-03        2.88154650e-06  95.2491  91.9520
0202-08-15_23:26:15.887000      509.55        1.30243200e-03        2.87919340e-06  95.2439  92.4902
0202-08-15_23:26:17.980000      511.65        9.64493900e-04        2.87674535e-06  95.2477  91.9071
0202-08-15_23:26:20.117000      513.78        1.33530500e-03        2.88034695e-06  95.2238  92.0483
0202-08-15_23:26:22.203000      515.87        1.17776500e-03        2.88117895e-06  95.1906  92.2062
0202-08-15_23:26:24.290000      517.95        1.06697400e-03        2.87612785e-06  95.2012  92.1702
0202-08-15_23:26:26.367000      520.03        1.11290800e-03        2.88536385e-06  95.1719  92.1207
0202-08-15_23:26:28.470000      522.13        1.11224000e-03        2.87770970e-06  95.1314  92.1610
0202-08-15_23:26:30.598000      524.26        1.13799000e-03        2.88251340e-06  95.1705  92.1181
0202-08-15_23:26:32.688000      526.35        1.34502700e-03        2.87743115e-06  95.1325  92.1459
0202-08-15_23:26:34.766000      528.43        1.07239100e-03        2.87894960e-06  95.1510  92.1225
0202-08-15_23:26:36.848000      530.51        1.44320200e-03        2.87891540e-06  95.0859  91.8282
0202-08-15_23:26:38.945000      532.61        1.34198400e-03        2.87454850e-06  95.1046  91.9925
0202-08-15_23:26:41.066000      534.73        1.24892900e-03        2.87259625e-06  95.0928  92.3116
0202-08-15_23:26:43.152000      536.82        1.49403300e-03        2.87467090e-06  95.0816  92.0227
0202-08-15_23:26:45.242000      538.91        1.46420200e-03        2.88164445e-06  95.0524  92.2763
0202-08-15_23:26:47.336000      541.00        1.18496300e-03        2.87656235e-06  95.0160  91.8438
0202-08-15_23:26:49.426000      543.09        1.43555900e-03        2.87897920e-06  94.9830  91.6746
0202-08-15_23:26:51.562000      545.23        1.48364500e-03        2.87901020e-06  95.0146  91.8456
0202-08-15_23:26:53.652000      547.32        1.56423300e-03        2.87550810e-06  95.0034  91.9380
0202-08-15_23:26:55.730000      549.39        1.23624000e-03        2.87160350e-06  94.9517  91.8960
0202-08-15_23:26:57.824000      551.49        1.37975600e-03        2.88235650e-06  94.9608  91.9209
0202-08-15_23:26:59.902000      553.57        1.27920600e-03        2.87118080e-06  94.9762  91.8842
0202-08-15_23:27:02             555.66        1.40424400e-03        2.87798960e-06  94.9387  91.4693
0202-08-15_23:27:04.100000      557.76        1.60066900e-03        2.86556325e-06  94.8990  92.0938
0202-08-15_23:27:06.190000      559.85        1.76177100e-03        2.87114275e-06  94.9414  91.9004
0202-08-15_23:27:08.280000      561.94        1.66982900e-03        2.87073870e-06  94.9018  91.5144
0202-08-15_23:27:10.363000      564.03        1.55570000e-03        2.87080070e-06  94.8863  91.7213
0202-08-15_23:27:12.460000      566.13        1.64133400e-03        2.86791925e-06  94.8489  91.7590
0202-08-15_23:27:14.617000      568.28        1.33886800e-03        2.87197860e-06  94.8511  91.6432
0202-08-15_23:27:16.720000      570.38        1.32187500e-03        2.87764980e-06  94.8298  91.5095
0202-08-15_23:27:18.816000      572.48        1.59888800e-03        2.87396255e-06  94.8204  91.7056
0202-08-15_23:27:20.890000      574.56        1.17220000e-03        2.87644160e-06  94.8044  91.8078
0202-08-15_23:27:22.990000      576.65        1.39162900e-03        2.86320215e-06  94.7947  91.5011
0202-08-15_23:27:25.113000      578.78        1.39749100e-03        2.87138885e-06  94.7673  91.5065
0202-08-15_23:27:27.210000      580.87        1.59502900e-03        2.87300020e-06  94.7411  91.4934
0202-08-15_23:27:29.300000      582.97        1.42019800e-03        2.86710955e-06  94.7485  91.4557
0202-08-15_23:27:31.390000      585.05        1.62537900e-03        2.87383625e-06  94.7428  91.6947
0202-08-15_23:27:33.547000      587.21        1.49870900e-03        2.87492085e-06  94.7104  91.5419
0202-08-15_23:27:35.645000      589.31        1.36009100e-03        2.87718270e-06  94.7195  91.4758
0202-08-15_23:27:37.730000      591.40        1.53618300e-03        2.86959050e-06  94.6646  91.2979
0202-08-15_23:27:39.820000      593.48        1.36602700e-03        2.86695670e-06  94.6702  91.5781
0202-08-15_23:27:41.906000      595.57        1.48765200e-03        2.86704990e-06  94.6692  91.2961
0202-08-15_23:27:43.990000      597.65        1.47229100e-03        2.86627520e-06  94.6400  91.3991
0202-08-15_23:27:46.113000      599.78        1.54152600e-03        2.86937340e-06  94.6466  91.3603
0202-08-15_23:27:48.190000      601.86        1.21293900e-03        2.86497350e-06  94.5988  91.2991
0202-08-15_23:27:50.290000      603.95        1.58894400e-03        2.86017030e-06  94.6098  91.2428
0202-08-15_23:27:52.367000      606.03        1.47422100e-03        2.86097315e-06  94.6075  91.3133
0202-08-15_23:27:54.453000      608.12        1.53521900e-03        2.87039585e-06  94.5526  91.1974
0202-08-15_23:27:56.580000      610.24        1.36187200e-03        2.86320660e-06  94.5534  91.5631
0202-08-15_23:27:58.660000      612.32        1.65951500e-03        2.86652245e-06  94.5562  91.2413
0202-08-15_23:28:00.746000      614.41        1.46479700e-03        2.86218400e-06  94.5324  91.4121
0202-08-15_23:28:02.836000      616.50        1.51585100e-03        2.86085150e-06  94.5438  91.3454
0202-08-15_23:28:04.910000      618.58        1.07447000e-03        2.85744435e-06  94.4848  91.4200
0202-08-15_23:28:07.027000      620.69        1.37730700e-03        2.86082205e-06  94.4948  91.2976
0202-08-15_23:28:09.133000      622.80        1.17650400e-03        2.85906045e-06  94.4382  90.9493
0202-08-15_23:28:11.210000      624.87        1.18882200e-03        2.85868515e-06  94.4606  91.2885
0202-08-15_23:28:13.297000      626.96        1.50954300e-03        2.86088535e-06  94.4453  90.7739
0202-08-15_23:28:15.380000      629.04        1.50523900e-03        2.86033370e-06  94.4305  91.1750
0202-08-15_23:28:17.480000      631.14        1.64252100e-03        2.85939925e-06  94.4093  91.2260
0202-08-15_23:28:19.600000      633.27        1.86046600e-03        2.87074105e-06  94.3655  91.2210
0202-08-15_23:28:21.680000      635.34        1.82024600e-03        2.85825290e-06  94.3733  91.0723
0202-08-15_23:28:23.766000      637.43        1.63235500e-03        2.85524690e-06  94.3581  90.9578
0202-08-15_23:28:25.860000      639.52        1.87530800e-03        2.85307770e-06  94.3612  91.0258
0202-08-15_23:28:27.950000      641.61        2.15989100e-03        2.85515290e-06  94.3432  90.9275
0202-08-15_23:28:30.117000      643.78        2.21784600e-03        2.85664040e-06  94.3319  91.2585
0202-08-15_23:28:32.215000      645.88        2.13970700e-03        2.86692915e-06  94.3316  90.9447
0202-08-15_23:28:34.300000      647.96        1.97444800e-03        2.86023525e-06  94.2630  90.8855
0202-08-15_23:28:36.395000      650.06        1.77735500e-03        2.85335575e-06  94.2718  90.9025
0202-08-15_23:28:38.508000      652.17        1.63888500e-03        2.85697265e-06  94.2475  90.8855
0202-08-15_23:28:40.620000      654.28        1.49410800e-03        2.86550130e-06  94.2123  90.9677
0202-08-15_23:28:42.707000      656.37        1.73750600e-03        2.86020230e-06  94.2282  91.1509
0202-08-15_23:28:44.780000      658.45        1.83241600e-03        2.85462490e-06  94.2152  90.6961
0202-08-15_23:28:46.855000      660.52        1.78269800e-03        2.85515140e-06  94.1857  90.9737
0202-08-15_23:28:48.950000      662.61        1.18273700e-03        2.85979970e-06  94.1668  90.6567
0202-08-15_23:28:51.070000      664.73        1.51481200e-03        2.85663855e-06  94.1473  90.8300
0202-08-15_23:28:53.168000      666.83        1.44787700e-03        2.85056480e-06  94.1787  90.8396
0202-08-15_23:28:55.246000      668.91        1.42197900e-03        2.85155565e-06  94.1212  90.9395
0202-08-15_23:28:57.360000      671.02        1.71999300e-03        2.85515080e-06  94.1153  90.6571
0202-08-15_23:28:59.457000      673.12        1.83820400e-03        2.85670025e-06  94.1244  90.6461
0202-08-15_23:29:01.600000      675.27        1.71094000e-03        2.84886480e-06  94.0900  90.9557
0202-08-15_23:29:03.700000      677.36        1.81067400e-03        2.84597920e-06  94.0718  90.8982
0202-08-15_23:29:05.777000      679.44        1.78440400e-03        2.85134020e-06  94.0258  90.6948
0202-08-15_23:29:07.863000      681.53        1.53789000e-03        2.85208130e-06  94.0574  90.5355
0202-08-15_23:29:09.953000      683.62        1.74685600e-03        2.85713400e-06  94.0187  90.7415
0202-08-15_23:29:12.074000      685.74        1.60104000e-03        2.85388015e-06  94.0491  90.5552
0202-08-15_23:29:14.164000      687.83        1.53529200e-03        2.85170975e-06  94.0078  90.4669
0202-08-15_23:29:16.240000      689.90        1.48245700e-03        2.84331190e-06  93.9507  90.6427
0202-08-15_23:29:18.320000      691.99        1.80622100e-03        2.84492265e-06  93.9575  90.6940
0202-08-15_23:29:20.414000      694.08        1.75947100e-03        2.84470605e-06  93.9275  90.7810
0202-08-15_23:29:22.617000      696.28        1.77290200e-03        2.84374540e-06  93.9179  90.3313
0202-08-15_23:29:24.707000      698.37        1.59436100e-03        2.85108870e-06  93.9031  90.5301
0202-08-15_23:29:26.805000      700.47        1.64860600e-03        2.85062465e-06  93.9059  90.6058
0202-08-15_23:29:28.880000      702.55        1.75130800e-03        2.84417905e-06  93.8731  90.5683
0202-08-15_23:29:30.970000      704.63        1.57536400e-03        2.84871065e-06  93.8852  90.6428
0202-08-15_23:29:33.113000      706.78        1.73312800e-03        2.84790065e-06  93.8714  90.2792
0202-08-15_23:29:35.210000      708.87        1.41804600e-03        2.84535960e-06  93.8309  90.5346
0202-08-15_23:29:37.290000      710.95        1.65320700e-03        2.84532980e-06  93.7990  90.6576
0202-08-15_23:29:39.380000      713.04        1.72949100e-03        2.84824270e-06  93.8088  90.2806
0202-08-15_23:29:41.457000      715.12        1.77008200e-03        2.84275340e-06  93.8071  90.4630
0202-08-15_23:29:43.570000      717.23        1.60690200e-03        2.84455350e-06  93.7645  90.4462
0202-08-15_23:29:45.664000      719.33        1.52327100e-03        2.84458445e-06  93.7463  90.0400
0202-08-15_23:29:47.740000      721.40        1.63235500e-03        2.85217775e-06  93.7421  90.3460
0202-08-15_23:29:49.836000      723.50        1.45307200e-03        2.84684685e-06  93.7617  90.7220
0202-08-15_23:29:51.934000      725.60        1.40350100e-03        2.84752865e-06  93.6813  90.2019
0202-08-15_23:29:54.055000      727.72        1.85786900e-03        2.83990215e-06  93.7111  90.7027
0202-08-15_23:29:56.145000      729.81        1.45737600e-03        2.84551300e-06  93.6945  90.2418
0202-08-15_23:29:58.246000      731.91        1.27082000e-03        2.84783715e-06  93.6650  90.0764
0202-08-15_23:30:00.330000      733.99        1.27178500e-03        2.85152600e-06  93.6533  90.3906
0202-08-15_23:30:02.418000      736.08        1.39793600e-03        2.84303515e-06  93.6268  90.1752
0202-08-15_23:30:04.516000      738.18        1.52512600e-03        2.84421675e-06  93.6251  90.2028
0202-08-15_23:30:06.617000      740.28        1.62827400e-03        2.83742800e-06  93.6033  90.0263
0202-08-15_23:30:08.710000      742.38        1.67821500e-03        2.83773790e-06  93.5950  90.0807
0202-08-15_23:30:10.790000      744.45        1.50330900e-03        2.84137015e-06  93.5824  90.4008
0202-08-15_23:30:12.875000      746.54        1.80533100e-03        2.83891685e-06  93.5786  90.1211
0202-08-15_23:30:14.957000      748.62        1.29723700e-03        2.83928875e-06  93.5496  90.1166
0202-08-15_23:30:17.098000      750.76        1.87835000e-03        2.83900445e-06  93.5087  90.0817
0202-08-15_23:30:19.184000      752.85        1.59681000e-03        2.83547520e-06  93.5181  90.3003
0202-08-15_23:30:21.260000      754.93        1.65973700e-03        2.85527690e-06  93.5079  90.0503
0202-08-15_23:30:23.360000      757.02        1.93215000e-03        2.83835450e-06  93.4945  89.6912
0202-08-15_23:30:25.434000      759.10        1.65446900e-03        2.84008985e-06  93.4553  90.0917
0202-08-15_23:30:27.600000      761.27        1.28996600e-03        2.84309480e-06  93.4594  90.2128
0202-08-15_23:30:29.684000      763.35        1.85950100e-03        2.83417065e-06  93.4404  90.1235
0202-08-15_23:30:31.777000      765.44        1.58471400e-03        2.83141270e-06  93.4219  90.0991
0202-08-15_23:30:33.855000      767.52        1.70092200e-03        2.83943240e-06  93.4094  89.8450
0202-08-15_23:30:35.940000      769.61        1.74878500e-03        2.83627650e-06  93.3987  89.8970
0202-08-15_23:30:38.090000      771.75        1.58115200e-03        2.83543985e-06  93.3752  89.9046
0202-08-15_23:30:40.190000      773.85        1.60549200e-03        2.83036330e-06  93.3383  89.6270
0202-08-15_23:30:42.285000      775.95        1.55881600e-03        2.83593740e-06  93.3452  89.8531
0202-08-15_23:30:44.370000      778.03        1.60786700e-03        2.83665010e-06  93.3222  89.9327
0202-08-15_23:30:46.450000      780.11        1.30020600e-03        2.83302675e-06  93.3287  89.5136
0202-08-15_23:30:48.570000      782.24        1.70938100e-03        2.83029975e-06  93.2773  89.8582
0202-08-15_23:30:50.664000      784.33        1.81275100e-03        2.82859900e-06  93.2749  89.7356
0202-08-15_23:30:52.742000      786.41        1.42494800e-03        2.83420625e-06  93.2389  90.0491
0202-08-15_23:30:54.840000      788.50        1.73416600e-03        2.82816350e-06  93.2485  89.7121
0202-08-15_23:30:56.934000      790.60        2.03566800e-03        2.83752735e-06  93.2380  89.6966
0202-08-15_23:30:59.055000      792.72        1.85363900e-03        2.83938245e-06  93.1892  89.8216
0202-08-15_23:31:01.170000      794.84        1.82878000e-03        2.82887740e-06  93.1846  89.6847
0202-08-15_23:31:03.250000      796.91        1.42183100e-03        2.83349585e-06  93.1769  89.5628
0202-08-15_23:31:05.336000      799.00        1.57440000e-03        2.83290625e-06  93.1750  89.6305
0202-08-15_23:31:07.426000      801.09        1.49663100e-03        2.83987865e-06  93.1608  89.7634
0202-08-15_23:31:09.555000      803.22        1.42776700e-03        2.83569285e-06  93.1426  89.8280
0202-08-15_23:31:11.652000      805.32        1.12908500e-03        2.83119950e-06  93.1223  89.7440
0202-08-15_23:31:13.730000      807.40        1.09769500e-03        2.83599860e-06  93.0782  89.4431
0202-08-15_23:31:15.816000      809.48        1.00760800e-03        2.82050555e-06  93.0538  89.6941
0202-08-15_23:31:17.895000      811.56        1.72459400e-03        2.82388335e-06  93.0767  89.6356
0202-08-15_23:31:19.980000      813.64        1.31378500e-03        2.81991005e-06  93.0679  89.3872
0202-08-15_23:31:22.140000      815.81        9.45201300e-04        2.82859210e-06  93.0521  89.6104
0202-08-15_23:31:24.227000      817.89        1.13108900e-03        2.82536930e-06  93.0205  89.5831
0202-08-15_23:31:26.324000      819.99        9.16483500e-04        2.82564380e-06  93.0095  89.3119
0202-08-15_23:31:28.420000      822.08        1.69706300e-03        2.82642170e-06  93.0117  89.4676
0202-08-15_23:31:30.570000      824.24        1.72229300e-03        2.82056490e-06  92.9650  89.3974
0202-08-15_23:31:32.680000      826.34        1.87374900e-03        2.82332330e-06  92.9690  89.1887
0202-08-15_23:31:34.773000      828.44        1.80755700e-03        2.82195985e-06  92.9302  89.5223
0202-08-15_23:31:36.850000      830.52        1.53744500e-03        2.82766310e-06  92.9010  89.4755
0202-08-15_23:31:38.930000      832.59        1.50657400e-03        2.82413005e-06  92.8946  89.0805
0202-08-15_23:31:41.023000      834.69        1.05435900e-03        2.82100015e-06  92.8857  89.7329
0202-08-15_23:31:43.140000      836.80        1.24618400e-03        2.82646565e-06  92.8966  89.3738
0202-08-15_23:31:45.227000      838.89        1.27141400e-03        2.82543395e-06  92.8558  89.1630
0202-08-15_23:31:47.310000      840.97        1.57373200e-03        2.82059975e-06  92.8530  89.2747
0202-08-15_23:31:49.383000      843.05        1.42739600e-03        2.82224600e-06  92.8174  89.3176
0202-08-15_23:31:51.520000      845.18        1.46739400e-03        2.82004295e-06  92.7976  89.3440
0202-08-15_23:31:53.630000      847.29        1.69209100e-03        2.82134450e-06  92.8031  89.3956
0202-08-15_23:31:55.720000      849.38        1.72971400e-03        2.82007470e-06  92.7465  89.3810
0202-08-15_23:31:57.812000      851.48        1.65372600e-03        2.81542645e-06  92.7633  89.0156
0202-08-15_23:31:59.895000      853.56        1.50568400e-03        2.81830840e-06  92.7301  89.0741
0202-08-15_23:32:01.973000      855.64        1.99700700e-03        2.81709990e-06  92.7566  89.2288
0202-08-15_23:32:04.100000      857.77        1.82046900e-03        2.82264680e-06  92.7390  89.2078
0202-08-15_23:32:06.200000      859.86        1.84213700e-03        2.81942180e-06  92.6710  89.3662
0202-08-15_23:32:08.297000      861.96        2.09792800e-03        2.81669655e-06  92.6917  89.1963
0202-08-15_23:32:10.375000      864.04        2.08419900e-03        2.81716140e-06  92.6918  89.2861
0202-08-15_23:32:12.477000      866.14        2.13146900e-03        2.81895480e-06  92.6816  88.7007
0202-08-15_23:32:14.594000      868.26        1.90179900e-03        2.81449545e-06  92.6387  89.2186
0202-08-15_23:32:16.690000      870.36        1.43348100e-03        2.81496030e-06  92.6021  89.3701
0202-08-15_23:32:18.780000      872.45        1.52980200e-03        2.80969145e-06  92.5851  89.0682
0202-08-15_23:32:20.880000      874.54        1.36892200e-03        2.81653990e-06  92.5799  89.2158
0202-08-15_23:32:22.965000      876.63        1.31697700e-03        2.81464965e-06  92.5714  88.9588
0202-08-15_23:32:25.094000      878.76        1.23201100e-03        2.81911200e-06  92.5508  89.0945
0202-08-15_23:32:27.188000      880.85        1.57128300e-03        2.81827535e-06  92.5332  89.1961
0202-08-15_23:32:29.266000      882.93        1.41626500e-03        2.82554245e-06  92.5356  88.8576
0202-08-15_23:32:31.363000      885.03        1.36721500e-03        2.81570005e-06  92.5192  88.7286
0202-08-15_23:32:33.460000      887.13        1.47874700e-03        2.81610290e-06  92.4774  88.9570
0202-08-15_23:32:35.600000      889.26        1.54479100e-03        2.81170745e-06  92.4644  88.9386
0202-08-15_23:32:37.684000      891.35        2.01362900e-03        2.81573215e-06  92.4253  88.9739
0202-08-15_23:32:39.780000      893.45        1.93318900e-03        2.81511240e-06  92.4092  88.7767
0202-08-15_23:32:41.860000      895.52        1.90150300e-03        2.81207545e-06  92.4203  88.8209
0202-08-15_23:32:43.953000      897.62        1.77831900e-03        2.81374880e-06  92.4149  88.7649
0202-08-15_23:32:46.090000      899.75        1.92421000e-03        2.81415125e-06  92.3854  88.7146
0202-08-15_23:32:48.188000      901.85        2.07729800e-03        2.81111395e-06  92.3515  88.6373
0202-08-15_23:32:50.260000      903.93        2.07559200e-03        2.81089700e-06  92.3500  88.8813
0202-08-15_23:32:52.340000      906.00        1.83115500e-03        2.81309640e-06  92.3516  88.9170
0202-08-15_23:32:54.430000      908.10        1.65721400e-03        2.80730220e-06  92.3284  88.4168
0202-08-15_23:32:56.594000      910.26        1.63524900e-03        2.81061795e-06  92.3206  89.1249
0202-08-15_23:32:58.670000      912.34        1.80280800e-03        2.81457900e-06  92.2639  88.4561
0202-08-15_23:33:00.758000      914.42        1.58716300e-03        2.81182525e-06  92.2644  88.6108
0202-08-15_23:33:02.840000      916.51        1.52319700e-03        2.80587545e-06  92.2613  88.8306
0202-08-15_23:33:04.938000      918.60        1.67932800e-03        2.80693035e-06  92.2476  88.6598
0202-08-15_23:33:07.070000      920.73        1.96992100e-03        2.81588565e-06  92.2487  88.6485
0202-08-15_23:33:09.160000      922.82        1.79375400e-03        2.80590740e-06  92.1767  88.5208
0202-08-15_23:33:11.246000      924.91        1.86959400e-03        2.80965885e-06  92.1873  88.8546
0202-08-15_23:33:13.348000      927.01        2.07343900e-03        2.80866720e-06  92.1780  88.6666
0202-08-15_23:33:15.426000      929.09        1.90662300e-03        2.79934940e-06  92.1816  88.4176
0202-08-15_23:33:17.566000      931.23        1.60949900e-03        2.80956810e-06  92.1158  88.4504
0202-08-15_23:33:19.656000      933.32        2.08160200e-03        2.80721300e-06  92.1229  88.5529
0202-08-15_23:33:21.734000      935.40        2.16790400e-03        2.80736080e-06  92.0997  88.5881
0202-08-15_23:33:23.824000      937.49        2.12182100e-03        2.80869895e-06  92.0811  88.4779
0202-08-15_23:33:25.902000      939.57        1.96034800e-03        2.80807920e-06  92.0410  88.6418
0202-08-15_23:33:27.980000      941.65        1.80355000e-03        2.79980320e-06  92.0438  88.3513
0202-08-15_23:33:30.094000      943.76        1.94142600e-03        2.80327480e-06  92.0627  88.5083
0202-08-15_23:33:32.180000      945.84        1.79241900e-03        2.80299590e-06  92.0201  88.6140
0202-08-15_23:33:34.266000      947.93        1.69387200e-03        2.80342795e-06  91.9963  88.2277
0202-08-15_23:33:36.363000      950.03        1.51191800e-03        2.79868675e-06  91.9580  88.3821
0202-08-15_23:33:38.445000      952.11        1.83583000e-03        2.79750775e-06  91.9783  88.3954
0202-08-15_23:33:40.582000      954.25        1.44758000e-03        2.79905820e-06  91.9433  88.3670
0202-08-15_23:33:42.670000      956.33        1.33909000e-03        2.79840740e-06  91.9318  88.1653
0202-08-15_23:33:44.750000      958.41        1.53974500e-03        2.80225395e-06  91.9164  88.4922
0202-08-15_23:33:46.848000      960.51        1.39051600e-03        2.80178595e-06  91.9100  88.3578
0202-08-15_23:33:48.926000      962.59        1.38732500e-03        2.79816035e-06  91.9011  88.3525
0202-08-15_23:33:51.074000      964.74        1.34272700e-03        2.79766570e-06  91.8425  88.6425
0202-08-15_23:33:53.152000      966.82        1.19364500e-03        2.80389365e-06  91.8472  88.0121
0202-08-15_23:33:55.254000      968.92        1.33983200e-03        2.79744810e-06  91.8431  88.3275
0202-08-15_23:33:57.332000      971.00        1.39682300e-03        2.80885240e-06  91.8160  88.1683
0202-08-15_23:33:59.420000      973.08        1.84488300e-03        2.80352240e-06  91.8083  88.0712
0202-08-15_23:34:01.508000      975.17        1.44669000e-03        2.79729030e-06  91.8011  88.0820
0202-08-15_23:34:03.617000      977.28        1.91471100e-03        2.79149770e-06  91.7720  88.2856
0202-08-15_23:34:05.710000      979.38        1.80406900e-03        2.79298515e-06  91.7236  87.8005
0202-08-15_23:34:07.790000      981.45        1.65639800e-03        2.79816335e-06  91.7379  88.2076
0202-08-15_23:34:09.867000      983.53        1.92829100e-03        2.79633255e-06  91.7331  88.0650
0202-08-15_23:34:11.965000      985.63        2.38599700e-03        2.79859470e-06  91.6861  88.0522
0202-08-15_23:34:14.082000      987.75        2.07002600e-03        2.79564845e-06  91.6653  87.8458
0202-08-15_23:34:16.170000      989.84        1.90261600e-03        2.79974045e-06  91.6590  88.3249
0202-08-15_23:34:18.258000      991.92        1.80265900e-03        2.79332585e-06  91.6455  88.2075
0202-08-15_23:34:20.332000      994.00        1.18874800e-03        2.79512180e-06  91.6044  88.0690
0202-08-15_23:34:22.418000      996.08        1.70849100e-03        2.79515285e-06  91.6202  87.9262
0202-08-15_23:34:24.600000      998.26        1.23727900e-03        2.79375815e-06  91.5992  87.9992
0202-08-15_23:34:26.676000      1000.34        1.12700800e-03        2.79382020e-06  91.5758  88.0711
0202-08-15_23:34:28.773000      1002.44        1.61625200e-03        2.79127920e-06  91.5480  87.8521
0202-08-15_23:34:30.848000      1004.51        1.70329700e-03        2.79354705e-06  91.5636  87.9134
0202-08-15_23:34:32.934000      1006.60        1.48423800e-03        2.79568075e-06  91.5528  88.0400
0202-08-15_23:34:35.016000      1008.68        1.56586600e-03        2.79921335e-06  91.5082  88.3103
0202-08-15_23:34:37.113000      1010.78        1.59643900e-03        2.79069805e-06  91.4994  87.6438
0202-08-15_23:34:39.203000      1012.87        1.66812300e-03        2.79521790e-06  91.4777  87.8134
0202-08-15_23:34:41.297000      1014.96        1.61884900e-03        2.80076480e-06  91.4742  87.8101
0202-08-15_23:34:43.383000      1017.05        1.93853200e-03        2.79540610e-06  91.4343  87.9649
0202-08-15_23:34:45.547000      1019.21        1.90001800e-03        2.79035500e-06  91.4247  87.8909
0202-08-15_23:34:47.656000      1021.32        1.78366200e-03        2.78775640e-06  91.4050  87.5731
0202-08-15_23:34:49.740000      1023.40        1.71212700e-03        2.79106960e-06  91.4040  87.8817
0202-08-15_23:34:51.832000      1025.50        1.34651100e-03        2.79398250e-06  91.3773  87.7043
0202-08-15_23:34:53.914000      1027.58        1.71739600e-03        2.79685660e-06  91.3652  88.0074
0202-08-15_23:34:56.023000      1029.69        1.83939100e-03        2.79054115e-06  91.3646  87.6754
0202-08-15_23:34:58.133000      1031.80        1.48364500e-03        2.79348500e-06  91.3304  87.7379
0202-08-15_23:35:00.227000      1033.89        1.33330200e-03        2.79264155e-06  91.2934  87.8297
0202-08-15_23:35:02.316000      1035.98        1.77631600e-03        2.79295620e-06  91.3180  87.9328
0202-08-15_23:35:04.410000      1038.07        1.86803500e-03        2.79810025e-06  91.2892  87.6376
0202-08-15_23:35:06.527000      1040.19        1.77631600e-03        2.79289255e-06  91.2781  87.5685
0202-08-15_23:35:08.650000      1042.31        1.75242100e-03        2.80280885e-06  91.2565  87.8204
0202-08-15_23:35:10.727000      1044.39        1.53662800e-03        2.79081575e-06  91.2497  87.5524
0202-08-15_23:35:12.805000      1046.47        1.79175100e-03        2.78164345e-06  91.2232  87.3909
0202-08-15_23:35:14.902000      1048.57        1.83234200e-03        2.79115690e-06  91.2028  87.6164
0202-08-15_23:35:16.996000      1050.66        1.66381800e-03        2.78889410e-06  91.1941  87.7651
0202-08-15_23:35:19.113000      1052.78        2.03759800e-03        2.78421535e-06  91.1722  87.4688
0202-08-15_23:35:21.188000      1054.85        1.73305300e-03        2.79159060e-06  91.1513  87.5885
0202-08-15_23:35:23.266000      1056.93        1.66886500e-03        2.78644645e-06  91.1545  87.6046
0202-08-15_23:35:25.363000      1059.03        1.88673600e-03        2.78790295e-06  91.1047  87.5175
0202-08-15_23:35:27.440000      1061.11        1.60816300e-03        2.78982425e-06  91.1122  87.4629
0202-08-15_23:35:29.605000      1063.27        1.70181200e-03        2.78347230e-06  91.0956  87.3149
0202-08-15_23:35:31.710000      1065.37        2.15440000e-03        2.79174625e-06  91.0922  87.2717
0202-08-15_23:35:33.797000      1067.46        2.11974500e-03        2.78529700e-06  91.0583  87.5813
0202-08-15_23:35:35.870000      1069.54        1.98090400e-03        2.78443045e-06  91.0301  87.3921
0202-08-15_23:35:37.960000      1071.63        1.89801500e-03        2.78250915e-06  90.9871  87.3556
0202-08-15_23:35:40.120000      1073.78        1.99752600e-03        2.78325590e-06  91.0108  87.2186
0202-08-15_23:35:42.210000      1075.88        1.77446100e-03        2.78247880e-06  90.9787  87.6141
0202-08-15_23:35:44.293000      1077.96        1.82417900e-03        2.79103160e-06  90.9498  87.3056
0202-08-15_23:35:46.370000      1080.04        2.02342400e-03        2.78715965e-06  90.9555  87.1351
0202-08-15_23:35:48.450000      1082.11        1.66567400e-03        2.79236450e-06  90.9132  87.5039
0202-08-15_23:35:50.586000      1084.25        1.38851200e-03        2.78963755e-06  90.9372  87.4943
0202-08-15_23:35:52.676000      1086.34        1.78603700e-03        2.79016490e-06  90.9061  87.1624
0202-08-15_23:35:54.760000      1088.43        2.28559600e-03        2.78709710e-06  90.8885  87.2165
0202-08-15_23:35:56.840000      1090.50        2.08011800e-03        2.79444255e-06  90.8731  87.1724
0202-08-15_23:35:58.938000      1092.60        2.06423800e-03        2.81027905e-06  90.8751  87.3126
0202-08-15_23:36:01.060000      1094.72        1.77193800e-03        3.43612145e-06  90.8260  87.2848
0202-08-15_23:36:03.160000      1096.82        1.68912300e-03        3.41093090e-06  90.8205  87.0094
0202-08-15_23:36:05.240000      1098.90        1.74277400e-03        3.39558930e-06  90.7831  87.0457
0202-08-15_23:36:07.336000      1101.00        1.75568600e-03        3.39434975e-06  90.7679  87.1234
0202-08-15_23:36:09.426000      1103.09        1.89252300e-03        3.38893545e-06  90.7472  87.0950
0202-08-15_23:36:11.586000      1105.25        2.11313900e-03        3.38750360e-06  90.7489  87.1167
0202-08-15_23:36:13.668000      1107.33        1.99715400e-03        3.38691485e-06  90.7325  87.0953
0202-08-15_23:36:15.742000      1109.41        1.83152500e-03        3.39246180e-06  90.6913  87.1784
0202-08-15_23:36:17.832000      1111.50        1.86009500e-03        3.38471470e-06  90.7048  87.1149
0202-08-15_23:36:19.910000      1113.57        1.54738800e-03        3.38957995e-06  90.6974  86.9648
0202-08-15_23:36:22.074000      1115.74        1.62434100e-03        3.38787345e-06  90.6600  87.0739
0202-08-15_23:36:24.164000      1117.83        1.73594700e-03        3.38353505e-06  90.6350  87.0183
0202-08-15_23:36:26.242000      1119.91        1.60193000e-03        3.38727670e-06  90.6068  86.9666
0202-08-15_23:36:28.320000      1121.98        1.80755700e-03        3.38669390e-06  90.5980  86.7954
0202-08-15_23:36:30.426000      1124.09        1.62693800e-03        3.39354240e-06  90.5730  87.0716
0202-08-15_23:36:32.598000      1126.26        1.97504100e-03        3.38717355e-06  90.5717  86.9817
0202-08-15_23:36:34.676000      1128.34        2.07781700e-03        3.38836335e-06  90.5562  87.0516
0202-08-15_23:36:36.780000      1130.45        2.03329300e-03        3.38070920e-06  90.5346  86.6582
0202-08-15_23:36:38.860000      1132.52        2.01221800e-03        3.39059420e-06  90.5277  86.8971
0202-08-15_23:36:40.945000      1134.61        1.79553500e-03        3.38585300e-06  90.5227  86.8130
0202-08-15_23:36:43.040000      1136.71        1.77164100e-03        3.39078015e-06  90.5135  87.0040
0202-08-15_23:36:45.140000      1138.81        1.95085000e-03        3.38743405e-06  90.4760  86.7019
0202-08-15_23:36:47.240000      1140.90        1.95411500e-03        3.38607055e-06  90.4543  86.7804
0202-08-15_23:36:49.312000      1142.98        1.74885900e-03        3.39006680e-06  90.4146  86.8872
0202-08-15_23:36:51.390000      1145.05        1.78418200e-03        3.38777460e-06  90.4204  86.8209
0202-08-15_23:36:53.555000      1147.22        2.05243800e-03        3.39391030e-06  90.3977  86.8784
0202-08-15_23:36:55.660000      1149.32        2.08375400e-03        3.38007255e-06  90.3943  86.7385
0202-08-15_23:36:57.746000      1151.41        2.27758200e-03        3.38523690e-06  90.3380  86.9143
0202-08-15_23:36:59.844000      1153.51        1.86150500e-03        3.38557780e-06  90.3432  86.6429
0202-08-15_23:37:01.938000      1155.60        1.85735000e-03        3.38628830e-06  90.3241  86.6496
0202-08-15_23:37:04.105000      1157.77        1.80844700e-03        3.39397395e-06  90.3406  86.9425
0202-08-15_23:37:06.195000      1159.86        1.88339600e-03        3.38917160e-06  90.3303  86.8641
0202-08-15_23:37:08.293000      1161.96        1.82714700e-03        3.39038140e-06  90.2591  86.4742
0202-08-15_23:37:10.367000      1164.03        1.64712200e-03        3.38737545e-06  90.3050  86.6033
0202-08-15_23:37:12.457000      1166.12        1.98520700e-03        3.38598805e-06  90.2475  86.6728
0202-08-15_23:37:14.598000      1168.26        1.86284100e-03        3.38778020e-06  90.2160  86.4102
0202-08-15_23:37:16.695000      1170.36        1.55733200e-03        3.38657165e-06  90.2124  86.7397
0202-08-15_23:37:18.780000      1172.45        1.62055600e-03        3.38458365e-06  90.2057  86.5655
0202-08-15_23:37:20.870000      1174.54        1.53789000e-03        3.38821285e-06  90.1745  86.5225
0202-08-15_23:37:22.965000      1176.63        1.34703100e-03        3.38644650e-06  90.1622  86.3055
0202-08-15_23:37:25.090000      1178.75        1.61469400e-03        3.37795760e-06  90.1749  86.5519
0202-08-15_23:37:27.188000      1180.85        1.46398000e-03        3.37690405e-06  90.1531  86.5045
0202-08-15_23:37:29.266000      1182.93        1.84013400e-03        3.37439395e-06  90.1007  86.6256
0202-08-15_23:37:31.360000      1185.02        1.95337300e-03        3.38102425e-06  90.0970  86.5606
0202-08-15_23:37:33.457000      1187.12        1.65884700e-03        3.37628305e-06  90.0800  86.4219
0202-08-15_23:37:35.598000      1189.26        1.57996500e-03        3.37854090e-06  90.0783  86.4705
0202-08-15_23:37:37.676000      1191.34        1.54879800e-03        3.36934065e-06  90.0378  86.3236
0202-08-15_23:37:39.777000      1193.44        1.36862500e-03        3.36831805e-06  90.0458  86.1471
0202-08-15_23:37:41.855000      1195.52        1.70025400e-03        3.36971490e-06  89.9892  86.2389
0202-08-15_23:37:43.938000      1197.60        2.06126900e-03        3.36918625e-06  89.9732  86.1984
0202-08-15_23:37:46.030000      1199.70        1.42806400e-03        3.36865945e-06  89.9677  86.3705
0202-08-15_23:37:48.137000      1201.80        1.93281800e-03        3.36998845e-06  89.9558  86.5257
0202-08-15_23:37:50.215000      1203.88        1.70923300e-03        3.36450490e-06  89.9446  86.2536
0202-08-15_23:37:52.305000      1205.97        1.82024600e-03        3.36143705e-06  89.9127  86.2917
0202-08-15_23:37:54.383000      1208.05        1.75323800e-03        3.35781045e-06  89.8879  86.1513
0202-08-15_23:37:56.555000      1210.22        1.46872900e-03        3.36310945e-06  89.8788  86.3344
0202-08-15_23:37:58.656000      1212.32        1.87441700e-03        3.36184235e-06  89.8679  85.9006
0202-08-15_23:38:00.746000      1214.41        1.43793300e-03        3.35728450e-06  89.8706  86.3330
0202-08-15_23:38:02.836000      1216.50        1.66597100e-03        3.35542520e-06  89.8570  86.3413
0202-08-15_23:38:04.930000      1218.60        1.81208300e-03        3.35086955e-06  89.8438  86.2581
0202-08-15_23:38:07.050000      1220.71        1.96428100e-03        3.35353480e-06  89.8122  85.9392
0202-08-15_23:38:09.133000      1222.80        1.55384400e-03        3.35145860e-06  89.7502  86.1294
0202-08-15_23:38:11.230000      1224.89        1.71791500e-03        3.34529630e-06  89.7820  86.0331
0202-08-15_23:38:13.310000      1226.97        1.79976500e-03        3.34548035e-06  89.7532  86.1194
0202-08-15_23:38:15.383000      1229.05        1.73416600e-03        3.34312530e-06  89.7383  85.8864
0202-08-15_23:38:17.574000      1231.24        1.60801500e-03        3.35019200e-06  89.7170  86.0939
0202-08-15_23:38:19.664000      1233.33        1.33426700e-03        3.34414925e-06  89.6999  85.8672
0202-08-15_23:38:21.740000      1235.40        1.59896200e-03        3.33708285e-06  89.6819  85.8030
0202-08-15_23:38:23.830000      1237.49        1.55480900e-03        3.33897390e-06  89.6637  86.0306
0202-08-15_23:38:25.906000      1239.57        1.57158000e-03        3.33314805e-06  89.6422  86.0599
0202-08-15_23:38:28.066000      1241.73        1.80035900e-03        3.33160505e-06  89.6190  85.8235
0202-08-15_23:38:30.160000      1243.82        1.42561500e-03        3.32667280e-06  89.6173  85.9408
0202-08-15_23:38:32.242000      1245.91        1.67457900e-03        3.32047515e-06  89.5981  86.0543
0202-08-15_23:38:34.320000      1247.99        1.87241300e-03        3.32419125e-06  89.6063  85.8848
0202-08-15_23:38:36.418000      1250.08        1.78722400e-03        3.31957505e-06  89.5721  86.0796
0202-08-15_23:38:38.530000      1252.20        1.84206300e-03        3.31678610e-06  89.5185  85.9410
0202-08-15_23:38:40.668000      1254.33        1.95752800e-03        3.31526495e-06  89.4932  85.7667
0202-08-15_23:38:42.760000      1256.43        1.93905100e-03        3.31662845e-06  89.4990  85.8219
0202-08-15_23:38:44.840000      1258.50        1.73060500e-03        3.31774600e-06  89.4410  85.9346
0202-08-15_23:38:46.926000      1260.59        2.00695000e-03        3.31040030e-06  89.4571  85.9988
0202-08-15_23:38:49.062000      1262.73        1.83790700e-03        3.30683665e-06  89.4478  85.8285
0202-08-15_23:38:51.164000      1264.83        1.77357000e-03        3.30301105e-06  89.4496  86.1188
0202-08-15_23:38:53.254000      1266.92        1.79575800e-03        3.29812605e-06  89.4429  85.7194
0202-08-15_23:38:55.348000      1269.01        1.96413300e-03        3.29989240e-06  89.3952  85.4665
0202-08-15_23:38:57.430000      1271.10        1.70218300e-03        3.28610060e-06  89.3606  85.9050
0202-08-15_23:38:59.598000      1273.26        1.53930000e-03        3.28842560e-06  89.3863  85.6169
0202-08-15_23:39:01.684000      1275.35        1.47644700e-03        3.27866425e-06  89.3309  85.8163
0202-08-15_23:39:03.785000      1277.45        1.44505700e-03        3.27826475e-06  89.3404  85.9779
0202-08-15_23:39:05.883000      1279.55        1.52342000e-03        3.27237695e-06  89.2908  85.7919
0202-08-15_23:39:07.960000      1281.62        1.59102200e-03        3.26577480e-06  89.2986  85.6532
0202-08-15_23:39:10.074000      1283.74        1.31712500e-03        3.25933040e-06  89.2586  85.4698
0202-08-15_23:39:12.170000      1285.84        1.31779300e-03        3.25985720e-06  89.2545  85.4504
0202-08-15_23:39:14.254000      1287.92        1.13672900e-03        3.25124880e-06  89.2448  85.5569
0202-08-15_23:39:16.344000      1290.01        1.37931000e-03        3.24820685e-06  89.2440  85.6692
0202-08-15_23:39:18.426000      1292.09        1.33775500e-03        3.24163725e-06  89.1852  85.5670
0202-08-15_23:39:20.566000      1294.23        1.63554600e-03        3.23228045e-06  89.2040  85.4716
0202-08-15_23:39:22.656000      1296.32        1.34458100e-03        3.22865390e-06  89.1664  85.3663
0202-08-15_23:39:24.734000      1298.40        1.13064300e-03        3.22140255e-06  89.1278  85.5801
0202-08-15_23:39:26.824000      1300.49        1.61098300e-03        3.20510235e-06  89.1381  85.8521
0202-08-15_23:39:28.900000      1302.56        1.68563500e-03        3.19605370e-06  89.1391  85.3502
0202-08-15_23:39:30.996000      1304.66        1.85972400e-03        3.18247970e-06  89.1084  85.4223
0202-08-15_23:39:33.094000      1306.76        1.52675900e-03        3.17039495e-06  89.1129  85.4436
0202-08-15_23:39:35.188000      1308.85        1.28306400e-03        3.16456915e-06  89.0498  85.1711
0202-08-15_23:39:37.266000      1310.93        1.35051800e-03        3.13860225e-06  89.0557  85.4021
0202-08-15_23:39:39.350000      1313.02        1.66522800e-03        3.12967640e-06  89.0460  85.2266
0202-08-15_23:39:41.430000      1315.10        1.62716000e-03        3.10702390e-06  88.9944  85.2786
0202-08-15_23:39:43.605000      1317.27        1.77245700e-03        3.08855580e-06  88.9725  85.6369
0202-08-15_23:39:45.680000      1319.34        1.82507000e-03        3.06556170e-06  88.9811  85.2315
0202-08-15_23:39:47.780000      1321.44        1.74737500e-03        3.03872570e-06  88.9500  85.3437
0202-08-15_23:39:49.860000      1323.52        1.83382600e-03        3.00767525e-06  88.9576  85.2855
0202-08-15_23:39:51.950000      1325.61        1.59577100e-03        2.98000260e-06  88.9367  85.1600
0202-08-15_23:39:54.074000      1327.74        1.70270300e-03        2.93934555e-06  88.9005  85.0532
0202-08-15_23:39:56.170000      1329.84        1.77891300e-03        2.90172575e-06  88.8580  85.4727
0202-08-15_23:39:58.250000      1331.91        1.76666900e-03        2.86519035e-06  88.9088  85.0549
0202-08-15_23:40:00.336000      1334.00        1.65832700e-03        2.82180830e-06  88.8743  85.2849
0202-08-15_23:40:02.420000      1336.09        1.63012900e-03        2.78545745e-06  88.8041  85.1712
0202-08-15_23:40:04.540000      1338.20        1.42479900e-03        2.75050245e-06  88.8342  84.8823
0202-08-15_23:40:06.620000      1340.28        1.77364400e-03        2.70931390e-06  88.8074  85.0609
0202-08-15_23:40:08.703000      1342.37        1.92532300e-03        2.68102510e-06  88.7911  85.0376
0202-08-15_23:40:10.780000      1344.45        2.00628200e-03        2.63999640e-06  88.7698  85.3567
0202-08-15_23:40:12.860000      1346.52        1.60052000e-03        2.59695305e-06  88.7296  85.2646
0202-08-15_23:40:14.950000      1348.62        1.44817400e-03        2.55580045e-06  88.7523  84.9689
0202-08-15_23:40:17.113000      1350.78        1.46680000e-03        2.51018750e-06  88.7140  84.9234
0202-08-15_23:40:19.200000      1352.86        1.03773800e-03        2.45834245e-06  88.7377  85.2354
0202-08-15_23:40:21.297000      1354.96        1.13250000e-03        2.39624165e-06  88.6884  85.0277
0202-08-15_23:40:23.375000      1357.04        1.57877800e-03        2.33051830e-06  88.6805  84.5824
0202-08-15_23:40:25.460000      1359.12        1.20492600e-03        2.26581180e-06  88.6795  85.0647
0202-08-15_23:40:27.600000      1361.27        1.29479000e-03        2.19636670e-06  88.6225  84.9655
0202-08-15_23:40:29.700000      1363.36        1.97207200e-03        2.12593325e-06  88.5922  85.0816
0202-08-15_23:40:31.790000      1365.45        1.83115400e-03        2.03448375e-06  88.6043  84.9252
0202-08-15_23:40:33.883000      1367.55        1.94424500e-03        1.93826465e-06  88.5894  84.9108
0202-08-15_23:40:35.970000      1369.63        1.83842700e-03        1.84520530e-06  88.5651  84.7295
0202-08-15_23:40:38.130000      1371.79        1.71784100e-03        1.73631200e-06  88.5601  84.7801
0202-08-15_23:40:40.207000      1373.87        2.06972900e-03        1.63584530e-06  88.5159  84.9876
0202-08-15_23:40:42.280000      1375.95        1.88168900e-03        1.52273935e-06  88.4900  85.1078
0202-08-15_23:40:44.380000      1378.04        1.76934000e-03        1.41093320e-06  88.4860  84.7158
0202-08-15_23:40:46.465000      1380.13        1.98639400e-03        1.27879990e-06  88.5004  84.8433
0202-08-15_23:40:48.610000      1382.27        1.52802100e-03        1.15506200e-06  88.4771  84.8659
0202-08-15_23:40:50.695000      1384.36        1.75205000e-03        1.01722555e-06  88.4809  84.7997
0202-08-15_23:40:52.780000      1386.45        1.72652300e-03        8.91287600e-07  88.4352  84.8100
0202-08-15_23:40:54.880000      1388.54        1.53366000e-03        7.56489000e-07  88.4186  84.7812
0202-08-15_23:40:56.957000      1390.62        1.77609300e-03        6.27732150e-07  88.4080  84.6784
0202-08-15_23:40:59.117000      1392.78        1.64689900e-03        4.98975450e-07  88.3981  84.5866
0202-08-15_23:41:01.190000      1394.86        1.82796400e-03        3.80010950e-07  88.3719  84.3084
0202-08-15_23:41:03.293000      1396.96        1.88161500e-03        2.73815100e-07  88.3415  84.6748
0202-08-15_23:41:05.370000      1399.03        1.75917400e-03        1.90733750e-07  88.3365  84.8902
0202-08-15_23:41:07.465000      1401.13        1.89779200e-03        1.25689050e-07  88.3295  84.6257
0202-08-15_23:41:09.605000      1403.27        2.22652700e-03        7.96284000e-08  88.3013  84.8094
0202-08-15_23:41:11.695000      1405.36        1.96754600e-03        4.89926500e-08  88.2626  84.6145
0202-08-15_23:41:13.785000      1407.45        1.93927300e-03        3.16081500e-08  88.2337  84.3947
0202-08-15_23:41:15.863000      1409.53        1.68571000e-03        2.28799000e-08  88.2563  84.5492
0202-08-15_23:41:17.940000      1411.61        2.09095200e-03        2.29314500e-08  88.1931  84.4347
0202-08-15_23:41:20.070000      1413.73        1.68533900e-03        1.97706500e-08  88.2168  84.5658
0202-08-15_23:41:22.168000      1415.83        1.75984200e-03        1.71366000e-08  88.2124  84.4634
0202-08-15_23:41:24.254000      1417.92        1.50895000e-03        2.40780000e-08  88.1874  84.5689
0202-08-15_23:41:26.350000      1420.02        1.60786700e-03        1.63308000e-08  88.1750  84.2225
0202-08-15_23:41:28.450000      1422.11        1.41055100e-03        1.18066000e-08  88.1506  84.2699
0202-08-15_23:41:30.617000      1424.28        1.95597000e-03        1.67647500e-08  88.1547  84.5723
0202-08-15_23:41:32.710000      1426.38        1.57254400e-03        1.27143000e-08  88.1149  84.4084
0202-08-15_23:41:34.812000      1428.48        1.69839900e-03        1.08150000e-08  88.0952  84.4793
0202-08-15_23:41:36.887000      1430.55        1.75576100e-03        1.30461000e-08  88.0744  84.3645
0202-08-15_23:41:38.965000      1432.63        1.55035700e-03        1.62923000e-08  88.0414  84.4107
0202-08-15_23:41:41.066000      1434.73        1.89363700e-03        1.76634000e-08  88.0556  84.2299
0202-08-15_23:41:43.170000      1436.84        1.87323000e-03        1.62689500e-08  88.0170  84.5692
0202-08-15_23:41:45.250000      1438.91        1.87033600e-03        1.66718000e-08  87.9912  84.3222
0202-08-15_23:41:47.344000      1441.01        1.61417500e-03        2.82305000e-08  88.0072  84.3682
0202-08-15_23:41:49.420000      1443.09        1.63658500e-03        1.27982500e-08  87.9778  84.5207
0202-08-15_23:41:51.570000      1445.24        1.59688400e-03        1.54322500e-08  87.9627  84.2200
0202-08-15_23:41:53.660000      1447.32        1.65565600e-03        1.61759500e-08  87.9532  84.1667
0202-08-15_23:41:55.740000      1449.40        1.75976800e-03        1.55816500e-08  87.9277  84.4038
0202-08-15_23:41:57.812000      1451.48        1.49002700e-03        1.59900500e-08  87.9086  84.1470
0202-08-15_23:41:59.914000      1453.58        1.66448700e-03        1.82831500e-08  87.8530  84.2338
0202-08-15_23:42:02             1455.66        1.78863400e-03        1.36231000e-08  87.8495  84.1873
0202-08-15_23:42:04.094000      1457.76        2.17933200e-03        1.72296000e-08  87.8741  84.0990
0202-08-15_23:42:06.180000      1459.85        1.27460500e-03        1.86550000e-08  87.8633  84.1750
0202-08-15_23:42:08.258000      1461.92        1.48579700e-03        1.49053500e-08  87.8148  84.2122
0202-08-15_23:42:10.336000      1464.00        1.63391300e-03        1.34180000e-08  87.7927  84.4710
0202-08-15_23:42:12.420000      1466.09        1.88940700e-03        1.66408000e-08  87.7872  84.2600
0202-08-15_23:42:14.527000      1468.19        1.77609300e-03        1.16206500e-08  87.7945  83.9833
0202-08-15_23:42:16.630000      1470.29        1.58026200e-03        2.13200500e-08  87.7690  83.9916