# Ic = 38.63 A, n = 27.87 , Tavg = 0.00 K, Anneal217_00K___3600s
#idx    t_s     iHTS_A                vHTS_V                tHTS_K  tTAR_K
    0  223142.24        1.28970400e-01        1.45836680e-08    0.00   21.07
    1  223142.51        4.05428800e-01       -7.66680200e-09    0.00   21.13
    2  223142.79        6.92121400e-01        1.33440880e-08    0.00   21.13
    3  223143.05        9.78894100e-01        2.94586280e-08    0.00   21.13
    4  223143.32        1.32968400e+00        4.25981780e-08    0.00   20.81
    5  223143.59        1.59875300e+00        4.31541780e-08    0.00   20.81
    6  223143.87        1.86899900e+00       -1.27538620e-08    0.00   20.81
    7  223144.12        2.17796800e+00       -2.27336520e-08    0.00   20.81
    8  223144.42        2.52815100e+00       -1.15774420e-08    0.00   21.25
    9  223144.70        2.77828600e+00       -2.16800120e-08    0.00   21.25
   10  223144.95        3.11111600e+00       -2.57706220e-08    0.00   21.25
   11  223145.19        3.39833900e+00       -1.18253520e-08    0.00   21.25
   12  223145.51        3.71204100e+00       -2.18659420e-08    0.00   20.82
   13  223145.76        3.99415300e+00        1.69948580e-08    0.00   20.82
   14  223146.02        4.30395000e+00        2.18292180e-08    0.00   20.82
   15  223146.35        4.65380800e+00       -1.49243020e-08    0.00   20.82
   16  223146.62        4.92859000e+00        2.73969800e-09    0.00   21.07
   17  223146.88        5.20957900e+00        1.23464380e-08    0.00   21.07
   18  223147.14        5.49563300e+00       -4.87028320e-08    0.00   21.07
   19  223147.41        5.87586600e+00       -2.76299920e-08    0.00   21.13
   20  223147.67        6.14038400e+00        2.55376800e-09    0.00   21.13
   21  223147.91        6.41783000e+00       -4.25669220e-08    0.00   21.13
   22  223148.16        6.73550500e+00       -3.46336120e-08    0.00   21.13
   23  223148.49        7.05494800e+00       -7.20689020e-08    0.00   20.81
   24  223148.74        7.36615900e+00       -4.50460820e-08    0.00   20.81
   25  223148.99        7.64032900e+00       -2.00685620e-08    0.00   20.81
   26  223149.30        7.97192000e+00       -4.60997220e-08    0.00   20.81
   27  223149.61        8.26029900e+00       -1.60390720e-08    0.00   21.25
   28  223149.87        8.56350400e+00        1.21624080e-08    0.00   21.25
   29  223150.12        8.83502300e+00       -2.43430020e-08    0.00   21.25
   30  223150.40        9.15763900e+00       -3.78544220e-08    0.00   20.82
   31  223150.70        9.44333300e+00       -5.08080320e-08    0.00   20.82
   32  223150.95        9.72095300e+00       -7.31824420e-08    0.00   20.82
   33  223151.19        1.00078800e+01       -7.34303620e-08    0.00   20.82
   34  223151.55        1.03443100e+01       -5.06840720e-08    0.00   21.06
   35  223151.79        1.06184300e+01       -9.28917620e-08    0.00   21.06
   36  223152.04        1.09294700e+01       -7.17569220e-08    0.00   21.06
   37  223152.38        1.12562800e+01       -6.55503200e-09    0.00   21.13
   38  223152.66        1.15340300e+01       -3.32679820e-08    0.00   21.13
   39  223152.91        1.18073400e+01       -7.39881720e-08    0.00   21.13
   40  223153.16        1.20975000e+01       -4.89486620e-08    0.00   21.13
   41  223153.44        1.24560500e+01       -6.79142320e-08    0.00   20.81
   42  223153.74        1.27425900e+01       -5.59522820e-08    0.00   20.81
   43  223153.99        1.29975600e+01       -4.85148020e-08    0.00   20.81
   44  223154.26        1.33339500e+01       -8.45245920e-08    0.00   20.81
   45  223154.51        1.36339900e+01       -4.92585520e-08    0.00   21.25
   46  223154.78        1.38960400e+01       -7.10751520e-08    0.00   21.25
   47  223155.03        1.41778500e+01       -1.20348442e-07    0.00   21.25
   48  223155.32        1.45472400e+01       -9.02262620e-08    0.00   20.83
   49  223155.57        1.48118700e+01       -1.19974602e-07    0.00   20.83
   50  223155.83        1.51207300e+01       -1.49846502e-07    0.00   20.83
   51  223156.08        1.53696500e+01       -1.42285062e-07    0.00   20.83
   52  223156.49        1.57165900e+01       -1.52139722e-07    0.00   21.06
   53  223156.75        1.60044600e+01       -1.17741372e-07    0.00   21.06
   54  223156.99        1.62750800e+01       -5.45227720e-08    0.00   21.06
   55  223157.25        1.65845900e+01       -9.60487120e-08    0.00   21.06
   56  223157.56        1.69260600e+01       -1.47615262e-07    0.00   21.13
   57  223157.81        1.71902800e+01       -1.25860622e-07    0.00   21.13
   58  223158.06        1.74820800e+01       -1.46561612e-07    0.00   21.13
   59  223158.31        1.78400700e+01       -1.66518862e-07    0.00   21.13
   60  223158.66        1.81128700e+01       -1.00387242e-07    0.00   20.80
   61  223158.90        1.83835700e+01       -1.12597112e-07    0.00   20.80
   62  223159.15        1.86938000e+01       -1.49784522e-07    0.00   20.80
   63  223159.39        1.90462200e+01       -1.07142962e-07    0.00   21.25
   64  223159.64        1.93101100e+01       -1.23505422e-07    0.00   21.25
   65  223159.90        1.95821900e+01       -1.33050192e-07    0.00   21.25
   66  223160.14        1.98942200e+01       -1.81393822e-07    0.00   21.25
   67  223160.48        2.02455700e+01       -1.65465212e-07    0.00   20.82
   68  223160.73        2.04966800e+01       -1.40735582e-07    0.00   20.82
   69  223160.97        2.07712200e+01       -1.78976642e-07    0.00   20.82
   70  223161.22        2.11308200e+01       -1.60940792e-07    0.00   20.82
   71  223161.50        2.14129300e+01       -1.42905082e-07    0.00   21.05
   72  223161.75        2.17126400e+01       -2.05628082e-07    0.00   21.05
   73  223162.00        2.19987300e+01       -1.88893742e-07    0.00   21.05
   74  223162.30        2.23710500e+01       -1.59391732e-07    0.00   21.13
   75  223162.67        2.25820400e+01       -2.18457742e-07    0.00   21.13
   76  223162.93        2.28980300e+01       -2.42443612e-07    0.00   21.13
   77  223163.18        2.32000300e+01       -2.04822352e-07    0.00   21.13
   78  223163.44        2.34906300e+01       -2.10834322e-07    0.00   20.80
   79  223163.71        2.38253300e+01       -1.84741152e-07    0.00   20.80
   80  223163.96        2.41035900e+01       -1.89637492e-07    0.00   20.80
   81  223164.20        2.43908400e+01       -1.99864032e-07    0.00   20.80
   82  223164.54        2.47329600e+01       -1.61808912e-07    0.00   21.24
   83  223164.80        2.50038600e+01       -1.75444302e-07    0.00   21.24
   84  223165.05        2.53045300e+01       -2.35687902e-07    0.00   21.24
   85  223165.29        2.56392000e+01       -2.09098902e-07    0.00   20.82
   86  223165.55        2.59153300e+01       -2.43621222e-07    0.00   20.82
   87  223165.82        2.62168500e+01       -2.42257682e-07    0.00   20.82
   88  223166.07        2.65055200e+01       -2.23787932e-07    0.00   20.82
   89  223166.31        2.68137000e+01       -2.34386342e-07    0.00   20.82
   90  223166.56        2.71146500e+01       -2.13561392e-07    0.00   21.05
   91  223166.81        2.74084000e+01       -2.48021732e-07    0.00   21.05
   92  223167.06        2.76863200e+01       -2.31721242e-07    0.00   21.05
   93  223167.42        2.80542600e+01       -2.38289762e-07    0.00   21.13
   94  223167.70        2.82971500e+01       -2.45230152e-07    0.00   21.13
   95  223167.95        2.85961800e+01       -2.25954672e-07    0.00   21.13
   96  223168.19        2.88790200e+01       -2.23847382e-07    0.00   21.13
   97  223168.50        2.92423000e+01       -2.55394712e-07    0.00   20.79
   98  223168.76        2.95088000e+01       -2.20810412e-07    0.00   20.79
   99  223169.01        2.97877100e+01       -1.96824522e-07    0.00   20.79
  100  223169.30        3.01470000e+01       -2.44238492e-07    0.00   20.79
  101  223169.56        3.04442800e+01       -2.49010872e-07    0.00   21.24
  102  223169.82        3.07087300e+01       -2.33516112e-07    0.00   21.24
  103  223170.07        3.10064500e+01       -2.61778562e-07    0.00   21.24
  104  223170.37        3.13368300e+01       -2.41263492e-07    0.00   21.24
  105  223170.65        3.16635800e+01       -2.65187402e-07    0.00   20.82
  106  223170.89        3.19419700e+01       -2.97230572e-07    0.00   20.82
  107  223171.14        3.22112400e+01       -2.68472292e-07    0.00   20.82
  108  223171.43        3.25602300e+01       -2.55208782e-07    0.00   21.05
  109  223171.69        3.28300600e+01       -2.90412872e-07    0.00   21.05
  110  223171.94        3.31135600e+01       -2.51180142e-07    0.00   21.05
  111  223172.18        3.34114900e+01       -2.72191032e-07    0.00   21.05
  112  223172.55        3.37411300e+01       -2.16285942e-07    0.00   21.12
  113  223172.81        3.40065600e+01       -1.91246412e-07    0.00   21.12
  114  223173.07        3.43279700e+01       -2.48081362e-07    0.00   21.12
  115  223173.36        3.46891500e+01       -2.82542402e-07    0.00   20.79
  116  223173.66        3.49722500e+01       -2.25398592e-07    0.00   20.79
  117  223173.91        3.52544800e+01       -2.45417812e-07    0.00   20.79
  118  223174.16        3.55239900e+01       -2.39901682e-07    0.00   20.79
  119  223174.47        3.58632700e+01       -2.13498612e-07    0.00   21.24
  120  223174.72        3.61222500e+01       -2.25894422e-07    0.00   21.24
  121  223174.96        3.64249400e+01       -2.18456932e-07    0.00   21.24
  122  223175.21        3.67296400e+01       -1.80835672e-07    0.00   21.24
  123  223175.57        3.70707900e+01       -1.63853412e-07    0.00   20.82
  124  223175.83        3.73254000e+01       -1.72840372e-07    0.00   20.82
  125  223176.07        3.76247200e+01       -1.19476432e-07    0.00   20.82
  126  223176.32        3.79910400e+01       -1.05779072e-07    0.00   21.05
  127  223176.58        3.82483000e+01       -2.94209120e-08    0.00   21.05
  128  223176.82        3.85647700e+01        1.52039880e-08    0.00   21.05
  129  223177.06        3.88193700e+01        5.00981780e-08    0.00   21.05
  130  223177.35        3.91923700e+01        1.41331298e-07    0.00   21.12
  131  223177.68        3.94000800e+01        2.43534708e-07    0.00   21.12
  132  223177.94        3.97221200e+01        3.33156378e-07    0.00   21.12
  133  223178.18        4.00173400e+01        4.54449328e-07    0.00   21.12
  134  223178.44        4.03345000e+01        5.62788668e-07    0.00   20.80
  135  223178.73        4.06551800e+01        7.77979838e-07    0.00   20.80
  136  223178.99        4.09031900e+01        9.90010078e-07    0.00   20.80
  137  223179.23        4.12554500e+01        1.18140231e-06    0.00   20.80
  138  223179.58        4.15222600e+01        1.47096936e-06    0.00   21.24
  139  223179.83        4.17996700e+01        1.82325822e-06    0.00   21.24
  140  223180.07        4.21095600e+01        2.11127482e-06    0.00   21.24
  141  223180.45        4.24208500e+01        3.13058212e-06    0.00   20.81
  142  223180.70        4.26982600e+01        3.29835938e-06    0.00   20.81
  143  223180.94        4.30192500e+01        3.78309745e-06    0.00   20.81
  144  223181.18        4.33138200e+01        5.27896157e-06    0.00   20.81
  145  223181.44        4.36650500e+01        6.58399217e-06    0.00   21.06
  146  223181.74        4.39534800e+01        6.69530657e-06    0.00   21.06
  147  223181.99        4.42101000e+01        9.06910377e-06    0.00   21.06
  148  223182.24        4.45543100e+01        1.07375175e-05    0.00   21.06
  149  223182.49        4.48538000e+01        1.24516717e-05    0.00   21.12
  150  223182.75        4.51198500e+01        1.51312114e-05    0.00   21.12
  151  223183.00        4.54028500e+01        1.77544122e-05    0.00   21.12
  152  223183.28        4.57729400e+01        2.10502093e-05    0.00   21.12