# Ic = 38.17 A, n = 29.59 , Tavg = 0.00 K, Anneal106_00K___3600s
#idx    t_s     iHTS_A                vHTS_V                tHTS_K  tTAR_K
    0  22504.05        3.20309600e-02        1.06170800e-08    0.00   20.94
    1  22504.45        3.88565800e-01        4.06150800e-08    0.00   21.01
    2  22504.70        6.36766600e-01        4.42098800e-08    0.00   21.01
    3  22504.94        9.16785500e-01       -1.71682000e-09    0.00   21.01
    4  22505.20        1.27000500e+00        4.58832800e-08    0.00   21.01
    5  22505.48        1.55886700e+00        9.08802800e-08    0.00   21.12
    6  22505.74        1.84094600e+00        4.27863800e-08    0.00   21.12
    7  22505.98        2.14892900e+00        3.95655800e-08    0.00   21.12
    8  22506.26        2.50253800e+00        3.33680000e-10    0.00   21.12
    9  22506.56        2.76855600e+00        2.61790800e-08    0.00   20.78
   10  22506.81        3.05439700e+00        5.76645800e-08    0.00   20.78
   11  22507.05        3.35923900e+00        9.56858000e-09    0.00   20.78
   12  22507.42        3.68586900e+00        8.76288000e-09    0.00   20.78
   13  22507.74        3.98643800e+00       -3.15237200e-08    0.00   21.22
   14  22507.98        4.25712900e+00        2.99878000e-09    0.00   21.22
   15  22508.27        4.57554500e+00       -3.28253200e-08    0.00   21.22
   16  22508.55        4.87882300e+00       -5.24442000e-09    0.00   20.80
   17  22508.80        5.16070100e+00       -1.49132200e-08    0.00   20.80
   18  22509.05        5.47007400e+00       -1.52851200e-08    0.00   20.80
   19  22509.33        5.78943100e+00       -1.53471200e-08    0.00   21.00
   20  22509.60        6.09068900e+00       -2.47679200e-08    0.00   21.00
   21  22509.84        6.37889300e+00       -4.81062000e-09    0.00   21.00
   22  22510.08        6.68863800e+00       -6.13358200e-08    0.00   21.00
   23  22510.43        7.00483200e+00       -9.61062200e-08    0.00   21.00
   24  22510.68        7.29026200e+00       -5.02415200e-08    0.00   21.08
   25  22510.92        7.59655500e+00       -2.75570200e-08    0.00   21.08
   26  22511.16        7.87088700e+00       -6.79056200e-08    0.00   21.08
   27  22511.50        8.21415900e+00       -4.49732200e-08    0.00   20.76
   28  22511.75        8.51924300e+00       -6.79049200e-08    0.00   20.76
   29  22512.00        8.79274700e+00       -1.16434120e-07    0.00   20.76
   30  22512.28        9.08096300e+00       -6.49291200e-08    0.00   20.76
   31  22512.57        9.41905900e+00       -5.81734200e-08    0.00   21.15
   32  22512.83        9.69037100e+00       -1.09554320e-07    0.00   21.15
   33  22513.08        9.94594400e+00       -5.43926200e-08    0.00   21.15
   34  22513.40        1.03158900e+01       -6.65406200e-08    0.00   20.80
   35  22513.67        1.05807700e+01       -7.99901200e-08    0.00   20.80
   36  22513.91        1.08846800e+01       -6.46192200e-08    0.00   20.80
   37  22514.16        1.11395600e+01       -6.88338200e-08    0.00   20.80
   38  22514.49        1.14936400e+01       -8.58162200e-08    0.00   20.99
   39  22514.74        1.18017100e+01       -9.56089200e-08    0.00   20.99
   40  22515.00        1.20385600e+01       -1.32486620e-07    0.00   20.99
   41  22515.33        1.23920400e+01       -1.00629220e-07    0.00   20.81
   42  22515.63        1.26682100e+01       -9.25099200e-08    0.00   20.81
   43  22515.88        1.29676900e+01       -8.60641200e-08    0.00   20.81
   44  22516.13        1.32181500e+01       -9.30678200e-08    0.00   20.81
   45  22516.44        1.35936300e+01       -1.23065820e-07    0.00   21.06
   46  22516.73        1.38792600e+01       -8.05479200e-08    0.00   21.06
   47  22516.98        1.41281100e+01       -1.29325720e-07    0.00   21.06
   48  22517.23        1.45006500e+01       -1.33726220e-07    0.00   21.06
   49  22517.48        1.47704500e+01       -1.74941120e-07    0.00   21.16
   50  22517.73        1.50796100e+01       -1.26036720e-07    0.00   21.16
   51  22517.98        1.53068900e+01       -9.91349200e-08    0.00   21.16
   52  22518.27        1.56920100e+01       -1.57457520e-07    0.00   21.16
   53  22518.52        1.59719100e+01       -1.12150620e-07    0.00   20.80
   54  22518.78        1.62366500e+01       -1.05766720e-07    0.00   20.80
   55  22519.03        1.65379600e+01       -1.45185620e-07    0.00   20.80
   56  22519.39        1.68860200e+01       -1.02048020e-07    0.00   20.80
   57  22519.64        1.71591200e+01       -9.60979200e-08    0.00   20.99
   58  22519.90        1.74350000e+01       -1.39359520e-07    0.00   20.99
   59  22520.14        1.77460600e+01       -1.37996020e-07    0.00   20.99
   60  22520.46        1.80919300e+01       -1.76175320e-07    0.00   21.10
   61  22520.71        1.83762900e+01       -1.83426920e-07    0.00   21.10
   62  22520.95        1.86491300e+01       -1.43760120e-07    0.00   21.10
   63  22521.23        1.89395100e+01       -1.82559220e-07    0.00   21.10
   64  22521.51        1.92704900e+01       -1.57643520e-07    0.00   20.78
   65  22521.77        1.95568100e+01       -1.24918420e-07    0.00   20.78
   66  22522.02        1.98483300e+01       -1.65514820e-07    0.00   20.78
   67  22522.34        2.02067300e+01       -1.85596220e-07    0.00   21.23
   68  22522.58        2.04718800e+01       -1.85162320e-07    0.00   21.23
   69  22522.83        2.07562800e+01       -2.25077020e-07    0.00   21.23
   70  22523.07        2.10605600e+01       -1.56713820e-07    0.00   21.23
   71  22523.37        2.13769600e+01       -1.90864220e-07    0.00   20.87
   72  22523.64        2.16520700e+01       -2.33567520e-07    0.00   20.87
   73  22523.89        2.19563600e+01       -1.85409220e-07    0.00   20.87
   74  22524.13        2.22695200e+01       -2.26749420e-07    0.00   20.87
   75  22524.46        2.25328300e+01       -1.87826420e-07    0.00   21.01
   76  22524.72        2.28975100e+01       -2.00036320e-07    0.00   21.01
   77  22524.97        2.31618000e+01       -2.36294320e-07    0.00   21.01
   78  22525.27        2.34380000e+01       -1.92226920e-07    0.00   21.01
   79  22525.54        2.37824600e+01       -1.92908720e-07    0.00   21.17
   80  22525.80        2.40685900e+01       -2.54640220e-07    0.00   21.17
   81  22526.04        2.43471200e+01       -2.16336920e-07    0.00   21.17
   82  22526.36        2.46818700e+01       -2.64061020e-07    0.00   20.78
   83  22526.65        2.49566700e+01       -2.72924120e-07    0.00   20.78
   84  22526.91        2.52395700e+01       -2.33257320e-07    0.00   20.78
   85  22527.15        2.55406300e+01       -2.07225920e-07    0.00   20.78
   86  22527.49        2.58814400e+01       -2.58173020e-07    0.00   21.08
   87  22527.74        2.61584300e+01       -2.50983420e-07    0.00   21.08
   88  22527.99        2.64598700e+01       -2.23526520e-07    0.00   21.08
   89  22528.30        2.67893300e+01       -2.57119320e-07    0.00   21.08
   90  22528.67        2.70581200e+01       -2.45219320e-07    0.00   20.80
   91  22528.91        2.73532300e+01       -2.20241620e-07    0.00   20.80
   92  22529.15        2.76337300e+01       -2.63069420e-07    0.00   20.80
   93  22529.40        2.79698000e+01       -2.81471420e-07    0.00   20.99
   94  22529.66        2.82574200e+01       -2.71423520e-07    0.00   20.99
   95  22529.90        2.85546500e+01       -3.07060320e-07    0.00   20.99
   96  22530.15        2.88386300e+01       -2.51588720e-07    0.00   20.99
   97  22530.44        2.91782700e+01       -3.08113920e-07    0.00   21.22
   98  22530.72        2.94892500e+01       -3.29806720e-07    0.00   21.22
   99  22530.97        2.97385200e+01       -2.86359120e-07    0.00   21.22
  100  22531.23        3.01078800e+01       -3.40777120e-07    0.00   21.22
  101  22531.49        3.03388900e+01       -3.31666120e-07    0.00   20.78
  102  22531.75        3.07090400e+01       -2.53696020e-07    0.00   20.78
  103  22531.99        3.09463100e+01       -2.88528420e-07    0.00   20.78
  104  22532.31        3.13220500e+01       -2.81152920e-07    0.00   21.19
  105  22532.60        3.16012500e+01       -3.06812420e-07    0.00   21.19
  106  22532.87        3.18559100e+01       -3.55342220e-07    0.00   21.19
  107  22533.11        3.21402400e+01       -3.31728120e-07    0.00   21.19
  108  22533.36        3.25059300e+01       -3.50074020e-07    0.00   20.80
  109  22533.63        3.28250400e+01       -3.25344220e-07    0.00   20.80
  110  22533.87        3.30643600e+01       -3.18030620e-07    0.00   20.80
  111  22534.12        3.33449800e+01       -3.64143320e-07    0.00   20.80
  112  22534.36        3.37080200e+01       -3.10469120e-07    0.00   20.98
  113  22534.63        3.39600000e+01       -3.43380220e-07    0.00   20.98
  114  22534.88        3.42643100e+01       -3.37244320e-07    0.00   20.98
  115  22535.13        3.45719200e+01       -2.88342320e-07    0.00   20.98
  116  22535.42        3.49106800e+01       -3.58750320e-07    0.00   21.08
  117  22535.69        3.51689100e+01       -3.32594120e-07    0.00   21.08
  118  22535.93        3.54735100e+01       -2.42290120e-07    0.00   21.08
  119  22536.21        3.57865400e+01       -2.61875620e-07    0.00   21.08
  120  22536.52        3.60897200e+01       -2.71172520e-07    0.00   20.79
  121  22536.78        3.64121100e+01       -2.63239120e-07    0.00   20.79
  122  22537.03        3.66831700e+01       -2.82700720e-07    0.00   20.79
  123  22537.35        3.70681100e+01       -1.80806520e-07    0.00   21.11
  124  22537.66        3.72933300e+01       -1.21058320e-07    0.00   21.11
  125  22537.90        3.75838000e+01       -1.29673520e-07    0.00   21.11
  126  22538.15        3.78746000e+01       -4.71788200e-08    0.00   21.11
  127  22538.41        3.82023100e+01        1.62880800e-08    0.00   20.90
  128  22538.67        3.85144900e+01        7.89492800e-08    0.00   20.90
  129  22538.91        3.87876700e+01        1.92557580e-07    0.00   20.90
  130  22539.17        3.90734500e+01        2.64391780e-07    0.00   20.90
  131  22539.44        3.94073700e+01        4.40289380e-07    0.00   21.00
  132  22539.70        3.96938100e+01        5.60591480e-07    0.00   21.00
  133  22539.95        3.99812800e+01        7.27997880e-07    0.00   21.00
  134  22540.21        4.02795800e+01        9.76039580e-07    0.00   21.00
  135  22540.47        4.05892400e+01        1.18174938e-06    0.00   20.84
  136  22540.72        4.09001900e+01        1.54470088e-06    0.00   20.84
  137  22540.97        4.11673600e+01        1.90535918e-06    0.00   20.84
  138  22541.23        4.15047400e+01        2.24358228e-06    0.00   20.84
  139  22541.53        4.17800100e+01        3.46191408e-06    0.00   20.80
  140  22541.79        4.20965300e+01        3.63328728e-06    0.00   20.80
  141  22542.05        4.23415200e+01        4.16550468e-06    0.00   20.80
  142  22542.30        4.27133300e+01        5.94270318e-06    0.00   21.19
  143  22542.63        4.29873300e+01        7.02548398e-06    0.00   21.19
  144  22542.88        4.32725600e+01        8.57317258e-06    0.00   21.19
  145  22543.12        4.35460700e+01        1.02192845e-05    0.00   21.19
  146  22543.41        4.38894600e+01        1.16397293e-05    0.00   20.91
  147  22543.68        4.41646300e+01        1.51138007e-05    0.00   20.91
  148  22543.92        4.44433100e+01        1.71891202e-05    0.00   20.91
  149  22544.16        4.47509200e+01        2.06747817e-05    0.00   20.91