# Ic = 38.91 A, n = 29.77 , Tavg = 0.00 K, Anneal217_00K___3600s
#idx    t_s     iHTS_A                vHTS_V                tHTS_K  tTAR_K
    0  223051.37        1.26079100e-01       -3.82658900e-08    0.00   21.04
    1  223051.72        4.17293000e-01       -1.50237300e-08    0.00   21.04
    2  223051.97        6.56605300e-01        2.74319400e-08    0.00   21.04
    3  223052.22        9.70674800e-01       -1.70690400e-08    0.00   21.04
    4  223052.58        1.30318300e+00       -3.24398600e-08    0.00   21.17
    5  223052.87        1.55264100e+00       -3.56627700e-08    0.00   21.17
    6  223053.11        1.89572700e+00       -2.44198000e-09    0.00   21.17
    7  223053.41        2.23537900e+00       -3.69023500e-08    0.00   20.82
    8  223053.69        2.49847200e+00       -4.48356700e-08    0.00   20.82
    9  223053.93        2.75960400e+00       -2.12216400e-08    0.00   20.82
   10  223054.17        3.07836900e+00       -5.23351400e-08    0.00   20.82
   11  223054.50        3.42329800e+00       -2.67377800e-08    0.00   21.26
   12  223054.75        3.68274800e+00       -3.80177300e-08    0.00   21.26
   13  223054.99        3.98108100e+00       -6.82625800e-08    0.00   21.26
   14  223055.30        4.32255800e+00       -4.70647700e-08    0.00   21.26
   15  223055.65        4.63374000e+00       -4.97916200e-08    0.00   20.87
   16  223055.89        4.87837300e+00       -2.29546600e-08    0.00   20.87
   17  223056.14        5.18766100e+00        1.24354100e-08    0.00   20.87
   18  223056.49        5.54027000e+00       -2.38843500e-08    0.00   21.05
   19  223056.73        5.81507800e+00       -4.05567300e-08    0.00   21.05
   20  223056.98        6.12040600e+00       -1.08687300e-08    0.00   21.05
   21  223057.22        6.42245400e+00       -6.31791000e-08    0.00   21.05
   22  223057.50        6.75444100e+00       -3.05161100e-08    0.00   21.19
   23  223057.75        7.01934200e+00       -6.22494200e-08    0.00   21.19
   24  223058.00        7.31365100e+00       -8.03473200e-08    0.00   21.19
   25  223058.26        7.68637800e+00       -6.96249300e-08    0.00   21.19
   26  223058.52        7.95498700e+00       -7.25999300e-08    0.00   20.82
   27  223058.77        8.21947300e+00       -4.59489100e-08    0.00   20.82
   28  223059.02        8.52236100e+00       -5.74150500e-08    0.00   20.82
   29  223059.27        8.84004000e+00       -1.16047280e-07    0.00   20.82
   30  223059.58        9.13580300e+00       -6.80754500e-08    0.00   21.26
   31  223059.83        9.40987300e+00       -8.62353300e-08    0.00   21.26
   32  223060.08        9.73085300e+00       -1.36190490e-07    0.00   21.26
   33  223060.38        1.00557800e+01       -1.03775420e-07    0.00   21.26
   34  223060.72        1.03087700e+01       -9.93135500e-08    0.00   20.87
   35  223060.96        1.06051400e+01       -1.24726220e-07    0.00   20.87
   36  223061.21        1.09203800e+01       -1.16856130e-07    0.00   20.87
   37  223061.46        1.11927900e+01       -1.16980090e-07    0.00   21.03
   38  223061.73        1.15467600e+01       -1.56088890e-07    0.00   21.03
   39  223061.97        1.17975500e+01       -1.57948260e-07    0.00   21.03
   40  223062.21        1.20684700e+01       -1.77471670e-07    0.00   21.03
   41  223062.56        1.24184600e+01       -1.62658670e-07    0.00   21.18
   42  223062.84        1.27082800e+01       -1.48465460e-07    0.00   21.18
   43  223063.09        1.29733100e+01       -1.32908710e-07    0.00   21.18
   44  223063.33        1.33272900e+01       -1.28694130e-07    0.00   20.81
   45  223063.66        1.36147900e+01       -1.11154050e-07    0.00   20.81
   46  223063.91        1.38823400e+01       -1.70344080e-07    0.00   20.81
   47  223064.16        1.41958100e+01       -1.71335740e-07    0.00   20.81
   48  223064.50        1.45048800e+01       -1.29747780e-07    0.00   21.25
   49  223064.76        1.47824100e+01       -1.14810820e-07    0.00   21.25
   50  223065.00        1.51021100e+01       -1.93276340e-07    0.00   21.25
   51  223065.30        1.54154800e+01       -1.98172690e-07    0.00   21.25
   52  223065.61        1.57056300e+01       -2.18439850e-07    0.00   20.86
   53  223065.87        1.60197200e+01       -2.22096610e-07    0.00   20.86
   54  223066.12        1.62635000e+01       -2.25443480e-07    0.00   20.86
   55  223066.49        1.66312500e+01       -2.33500760e-07    0.00   21.02
   56  223066.73        1.69084200e+01       -2.04557930e-07    0.00   21.02
   57  223066.99        1.71947400e+01       -1.85160360e-07    0.00   21.02
   58  223067.26        1.75380000e+01       -1.89128440e-07    0.00   21.02
   59  223067.55        1.78190900e+01       -1.98549250e-07    0.00   21.18
   60  223067.82        1.80966900e+01       -1.52498820e-07    0.00   21.18
   61  223068.07        1.83729100e+01       -1.74811280e-07    0.00   21.18
   62  223068.47        1.87207900e+01       -2.17452860e-07    0.00   20.80
   63  223068.73        1.90095100e+01       -1.89066460e-07    0.00   20.80
   64  223068.97        1.92712000e+01       -1.83736260e-07    0.00   20.80
   65  223069.22        1.95535300e+01       -2.41128850e-07    0.00   20.80
   66  223069.52        1.99434200e+01       -1.98363320e-07    0.00   21.25
   67  223069.77        2.02001600e+01       -2.41562710e-07    0.00   21.25
   68  223070.01        2.04813400e+01       -2.42058540e-07    0.00   21.25
   69  223070.35        2.08304000e+01       -2.45839260e-07    0.00   20.87
   70  223070.65        2.11255700e+01       -2.53338720e-07    0.00   20.87
   71  223070.89        2.13665600e+01       -2.57739240e-07    0.00   20.87
   72  223071.13        2.16758800e+01       -2.20923690e-07    0.00   20.87
   73  223071.50        2.20218700e+01       -2.75465240e-07    0.00   21.02
   74  223071.75        2.23191700e+01       -2.87179280e-07    0.00   21.02
   75  223072.01        2.25752100e+01       -2.63007460e-07    0.00   21.02
   76  223072.42        2.29288500e+01       -2.52037160e-07    0.00   21.17
   77  223072.71        2.31929200e+01       -2.42182090e-07    0.00   21.17
   78  223072.95        2.34760500e+01       -2.70320170e-07    0.00   21.17
   79  223073.20        2.37812500e+01       -2.29351820e-07    0.00   21.17
   80  223073.51        2.41536200e+01       -2.63316340e-07    0.00   20.79
   81  223073.75        2.44158000e+01       -2.79244960e-07    0.00   20.79
   82  223074.00        2.47006200e+01       -2.34000250e-07    0.00   20.79
   83  223074.26        2.50491400e+01       -2.67654870e-07    0.00   20.79
   84  223074.58        2.52827700e+01       -2.45342420e-07    0.00   21.25
   85  223074.84        2.55711500e+01       -2.77013710e-07    0.00   21.25
   86  223075.09        2.58775600e+01       -3.30625590e-07    0.00   21.25
   87  223075.51        2.62190600e+01       -2.71249660e-07    0.00   20.86
   88  223075.76        2.64972000e+01       -2.59349680e-07    0.00   20.86
   89  223076.00        2.67840700e+01       -2.90153270e-07    0.00   20.86
   90  223076.26        2.71398700e+01       -3.15812600e-07    0.00   20.86
   91  223076.56        2.74113500e+01       -3.08746980e-07    0.00   21.01
   92  223076.86        2.76607500e+01       -3.04842300e-07    0.00   21.01
   93  223077.11        2.79730100e+01       -3.20770920e-07    0.00   21.01
   94  223077.47        2.83123100e+01       -2.74906420e-07    0.00   21.17
   95  223077.72        2.85967900e+01       -2.65237690e-07    0.00   21.17
   96  223077.97        2.88721000e+01       -3.16928220e-07    0.00   21.17
   97  223078.23        2.91959200e+01       -3.05338140e-07    0.00   21.17
   98  223078.49        2.95248500e+01       -3.62359040e-07    0.00   20.79
   99  223078.76        2.97796800e+01       -3.37630320e-07    0.00   20.79
  100  223079.00        3.00885800e+01       -3.26288880e-07    0.00   20.79
  101  223079.36        3.04399800e+01       -3.86160630e-07    0.00   21.24
  102  223079.64        3.07293000e+01       -3.92668430e-07    0.00   21.24
  103  223079.89        3.09825200e+01       -3.55047160e-07    0.00   21.24
  104  223080.14        3.12877900e+01       -3.77049710e-07    0.00   21.24
  105  223080.56        3.16057700e+01       -3.83495530e-07    0.00   20.85
  106  223080.82        3.18870300e+01       -3.62112770e-07    0.00   20.85
  107  223081.07        3.21965700e+01       -3.44758640e-07    0.00   20.85
  108  223081.38        3.25695700e+01       -3.83185640e-07    0.00   21.01
  109  223081.70        3.28505300e+01       -3.67195050e-07    0.00   21.01
  110  223081.95        3.30930700e+01       -3.42713330e-07    0.00   21.01
  111  223082.20        3.33865900e+01       -3.56472670e-07    0.00   21.01
  112  223082.46        3.37452900e+01       -3.43643010e-07    0.00   21.16
  113  223082.71        3.40059100e+01       -3.18417550e-07    0.00   21.16
  114  223082.95        3.43056500e+01       -3.56534650e-07    0.00   21.16
  115  223083.19        3.46089200e+01       -3.58456000e-07    0.00   21.16
  116  223083.50        3.49691400e+01       -4.01283520e-07    0.00   20.80
  117  223083.75        3.52180700e+01       -3.72959100e-07    0.00   20.80
  118  223083.99        3.55198600e+01       -3.50584670e-07    0.00   20.80
  119  223084.26        3.58818500e+01       -3.88391880e-07    0.00   20.80
  120  223084.62        3.61368700e+01       -3.44880470e-07    0.00   21.25
  121  223084.87        3.64326000e+01       -3.26965850e-07    0.00   21.25
  122  223085.12        3.67288700e+01       -3.52624650e-07    0.00   21.25
  123  223085.51        3.70811900e+01       -3.27709060e-07    0.00   20.85
  124  223085.79        3.73503400e+01       -2.87112760e-07    0.00   20.85
  125  223086.05        3.76314600e+01       -2.30773770e-07    0.00   20.85
  126  223086.37        3.79886300e+01       -2.01519650e-07    0.00   21.02
  127  223086.64        3.82434700e+01       -1.48155660e-07    0.00   21.02
  128  223086.89        3.85437900e+01       -9.54114600e-08    0.00   21.02
  129  223087.13        3.88314900e+01       -7.04958700e-08    0.00   21.02
  130  223087.50        3.91752400e+01        4.46612700e-08    0.00   21.16
  131  223087.75        3.94209700e+01        1.54860070e-07    0.00   21.16
  132  223088.00        3.97266800e+01        2.08719900e-07    0.00   21.16
  133  223088.25        4.00831900e+01        3.38070240e-07    0.00   21.16
  134  223088.60        4.03507400e+01        5.01323140e-07    0.00   20.80
  135  223088.86        4.05986200e+01        6.57882300e-07    0.00   20.80
  136  223089.11        4.09015300e+01        8.75552830e-07    0.00   20.80
  137  223089.39        4.12851500e+01        1.09681815e-06    0.00   21.25
  138  223089.64        4.15152500e+01        1.33506574e-06    0.00   21.25
  139  223089.89        4.17842000e+01        1.65816269e-06    0.00   21.25
  140  223090.14        4.21187300e+01        1.98163152e-06    0.00   21.25
  141  223090.50        4.24259200e+01        2.50919700e-06    0.00   20.86
  142  223090.75        4.27106800e+01        3.89232010e-06    0.00   20.86
  143  223090.99        4.30142200e+01        4.00078350e-06    0.00   20.86
  144  223091.25        4.33758900e+01        5.28703510e-06    0.00   20.86
  145  223091.53        4.36314200e+01        6.40079890e-06    0.00   21.03
  146  223091.77        4.39067600e+01        7.58119020e-06    0.00   21.03
  147  223092.02        4.42045500e+01        9.16605690e-06    0.00   21.03
  148  223092.33        4.44725800e+01        1.09581196e-05    0.00   21.03
  149  223092.64        4.48253500e+01        1.31997164e-05    0.00   21.17
  150  223092.92        4.50968200e+01        1.54838928e-05    0.00   21.17
  151  223093.17        4.54040400e+01        1.90466353e-05    0.00   21.17
  152  223093.49        4.57253500e+01        2.31803908e-05    0.00   20.80