# Ic = 37.67 A, n = 26.94 , Tavg = 0.00 K, Anneal112_00K___3600s
#idx    t_s     iHTS_A                vHTS_V                tHTS_K  tTAR_K
    0  38907.35        1.10123600e-01        4.68600700e-08    0.00   21.20
    1  38907.62        4.04634000e-01        5.03928700e-08    0.00   21.20
    2  38907.86        6.57397300e-01        9.08033700e-08    0.00   21.20
    3  38908.11        9.62979500e-01        4.94631700e-08    0.00   21.20
    4  38908.49        1.30466800e+00        6.36564700e-08    0.00   21.00
    5  38908.74        1.55640600e+00        8.46674700e-08    0.00   21.00
    6  38908.99        1.86135000e+00        5.97517700e-08    0.00   21.00
    7  38909.37        2.20601100e+00        1.90933700e-08    0.00   21.00
    8  38909.63        2.48643600e+00       -7.61973000e-09    0.00   21.23
    9  38909.87        2.76138700e+00        1.32052700e-08    0.00   21.23
   10  38910.11        3.05608700e+00        1.51266700e-08    0.00   21.23
   11  38910.41        3.42025200e+00        5.91319700e-08    0.00   21.27
   12  38910.68        3.66882400e+00        7.82215700e-08    0.00   21.27
   13  38910.93        3.97221800e+00        4.28313700e-08    0.00   21.27
   14  38911.17        4.26188700e+00        6.58876700e-08    0.00   21.27
   15  38911.46        4.62836300e+00        3.65094700e-08    0.00   20.95
   16  38911.71        4.90763900e+00        3.59516700e-08    0.00   20.95
   17  38911.96        5.18220600e+00        2.23782700e-08    0.00   20.95
   18  38912.23        5.55351500e+00       -2.31146300e-08    0.00   20.95
   19  38912.48        5.81308300e+00        1.15318700e-08    0.00   21.19
   20  38912.74        6.09539400e+00        1.79745700e-08    0.00   21.19
   21  38912.99        6.37989800e+00        2.28957000e-09    0.00   21.19
   22  38913.32        6.75388800e+00        3.16646700e-08    0.00   21.00
   23  38913.57        7.03183500e+00        3.42057700e-08    0.00   21.00
   24  38913.82        7.30692400e+00        2.61484700e-08    0.00   21.00
   25  38914.06        7.62382700e+00        4.32547700e-08    0.00   21.00
   26  38914.40        7.93570700e+00        7.36877000e-09    0.00   20.89
   27  38914.64        8.21426700e+00        3.05489700e-08    0.00   20.89
   28  38914.89        8.51426700e+00        4.85229700e-08    0.00   20.89
   29  38915.15        8.81914300e+00        3.34620700e-08    0.00   20.89
   30  38915.60        9.12781400e+00        3.01151700e-08    0.00   21.28
   31  38915.85        9.40184200e+00       -1.02953300e-08    0.00   21.28
   32  38916.10        9.70838100e+00       -3.41563000e-09    0.00   21.28
   33  38916.37        1.00219200e+01        2.33594700e-08    0.00   20.78
   34  38916.69        1.03022900e+01        5.94933700e-08    0.00   20.78
   35  38916.94        1.05953600e+01        2.45370700e-08    0.00   20.78
   36  38917.19        1.09345000e+01        1.51781700e-08    0.00   20.78
   37  38917.48        1.12145000e+01        5.75099700e-08    0.00   21.21
   38  38917.72        1.15176900e+01        5.29235700e-08    0.00   21.21
   39  38917.96        1.17917200e+01        2.59005700e-08    0.00   21.21
   40  38918.23        1.21148400e+01        9.29017000e-09    0.00   21.21
   41  38918.57        1.23602100e+01       -1.87245300e-08    0.00   20.96
   42  38918.84        1.26787800e+01       -1.95882300e-08    0.00   20.96
   43  38919.09        1.30255200e+01       -2.80147300e-08    0.00   20.96
   44  38919.45        1.33005900e+01       -3.97908300e-08    0.00   20.90
   45  38919.71        1.36134300e+01       -3.71877300e-08    0.00   20.90
   46  38919.95        1.38790000e+01       -2.06392300e-08    0.00   20.90
   47  38920.20        1.41309000e+01       -2.60314300e-08    0.00   20.90
   48  38920.50        1.44950900e+01       -7.68544300e-08    0.00   21.23
   49  38920.77        1.47721900e+01       -6.09877300e-08    0.00   21.23
   50  38921.02        1.50526400e+01       -4.92117300e-08    0.00   21.23
   51  38921.28        1.53595800e+01       -3.11757300e-08    0.00   20.79
   52  38921.54        1.56956600e+01       -1.02887300e-08    0.00   20.79
   53  38921.80        1.59706800e+01        1.89655700e-08    0.00   20.79
   54  38922.04        1.62305900e+01        3.78057000e-09    0.00   20.79
   55  38922.42        1.66079500e+01       -1.39454300e-08    0.00   21.19
   56  38922.68        1.68739000e+01       -6.88591300e-08    0.00   21.19
   57  38922.93        1.71633200e+01       -9.30930300e-08    0.00   21.19
   58  38923.17        1.74450600e+01       -7.72883300e-08    0.00   21.19
   59  38923.54        1.78111400e+01       -5.68351300e-08    0.00   20.79
   60  38923.79        1.80906900e+01       -2.23127300e-08    0.00   20.79
   61  38924.03        1.83629500e+01       -3.09278300e-08    0.00   20.79
   62  38924.34        1.87083300e+01       -4.28898300e-08    0.00   20.85
   63  38924.61        1.89866900e+01       -4.35061300e-08    0.00   20.85
   64  38924.85        1.92424700e+01       -4.32546300e-08    0.00   20.85
   65  38925.10        1.95490800e+01       -4.79013300e-08    0.00   20.85
   66  38925.45        1.99215400e+01       -5.27977300e-08    0.00   20.85
   67  38925.73        2.01944700e+01       -6.80446300e-08    0.00   20.92
   68  38925.97        2.04435400e+01       -7.61639300e-08    0.00   20.92
   69  38926.26        2.08289300e+01       -7.51722300e-08    0.00   20.92
   70  38926.54        2.11140000e+01       -7.28170300e-08    0.00   20.82
   71  38926.79        2.13676300e+01       -8.16801300e-08    0.00   20.82
   72  38927.03        2.16729100e+01       -4.71576300e-08    0.00   20.82
   73  38927.42        2.20294700e+01       -3.74268300e-08    0.00   21.20
   74  38927.69        2.22992400e+01       -4.67237300e-08    0.00   21.20
   75  38927.94        2.25697100e+01       -4.26951300e-08    0.00   21.20
   76  38928.18        2.28786300e+01       -6.89123300e-08    0.00   21.20
   77  38928.49        2.32215800e+01       -8.47170300e-08    0.00   20.96
   78  38928.77        2.34728300e+01       -5.67644300e-08    0.00   20.96
   79  38929.02        2.37727100e+01       -6.63712300e-08    0.00   20.96
   80  38929.40        2.41244500e+01       -8.80019300e-08    0.00   20.96
   81  38929.75        2.44007900e+01       -9.03572300e-08    0.00   20.90
   82  38929.99        2.46731300e+01       -7.10196300e-08    0.00   20.90
   83  38930.33        2.50214300e+01       -7.87670300e-08    0.00   20.90
   84  38930.57        2.53045500e+01       -6.25256300e-08    0.00   21.22
   85  38930.82        2.55498300e+01       -3.06041300e-08    0.00   21.22
   86  38931.08        2.58652100e+01       -6.63656300e-08    0.00   21.22
   87  38931.43        2.62111600e+01       -1.01507930e-07    0.00   20.78
   88  38931.70        2.64989400e+01       -1.35224630e-07    0.00   20.78
   89  38931.95        2.67615600e+01       -1.46814830e-07    0.00   20.78
   90  38932.21        2.70813000e+01       -9.17151300e-08    0.00   20.78
   91  38932.49        2.74151500e+01       -2.89301300e-08    0.00   21.19
   92  38932.77        2.76590400e+01       -7.02083300e-08    0.00   21.19
   93  38933.01        2.79662800e+01       -8.53313300e-08    0.00   21.19
   94  38933.27        2.82862100e+01       -1.06962130e-07    0.00   21.19
   95  38933.53        2.86190800e+01       -1.26981430e-07    0.00   20.96
   96  38933.77        2.88696200e+01       -9.72313300e-08    0.00   20.96
   97  38934.02        2.91721800e+01       -1.01321930e-07    0.00   20.96
   98  38934.45        2.95219100e+01       -1.51959030e-07    0.00   20.63
   99  38934.70        2.97835300e+01       -1.45575230e-07    0.00   20.63
  100  38934.94        3.00513400e+01       -1.19357930e-07    0.00   20.63
  101  38935.18        3.03869000e+01       -1.26795430e-07    0.00   20.63
  102  38935.47        3.07269200e+01       -1.05908430e-07    0.00   21.22
  103  38935.72        3.10092900e+01       -1.12292330e-07    0.00   21.22
  104  38935.98        3.12622300e+01       -1.33241330e-07    0.00   21.22
  105  38936.33        3.16419600e+01       -7.64669300e-08    0.00   20.78
  106  38936.63        3.18875700e+01       -2.83007300e-08    0.00   20.78
  107  38936.88        3.21715700e+01       -4.76962300e-08    0.00   20.78
  108  38937.13        3.25048400e+01       -6.88312300e-08    0.00   20.78
  109  38937.49        3.28459400e+01       -7.91197300e-08    0.00   20.78
  110  38937.79        3.30978200e+01       -8.95323300e-08    0.00   21.20
  111  38938.04        3.34003100e+01       -1.03167730e-07    0.00   21.20
  112  38938.35        3.37457700e+01       -7.80041300e-08    0.00   20.95
  113  38938.62        3.40206000e+01       -8.09791300e-08    0.00   20.95
  114  38938.86        3.42925800e+01       -1.11596930e-07    0.00   20.95
  115  38939.11        3.45988500e+01       -8.79828300e-08    0.00   20.95
  116  38939.47        3.49488500e+01       -4.90597300e-08    0.00   20.95
  117  38939.72        3.52249000e+01       -2.90404300e-08    0.00   21.23
  118  38939.96        3.55072300e+01       -3.62883000e-09    0.00   21.23
  119  38940.22        3.58400000e+01       -1.03226300e-08    0.00   21.23
  120  38940.50        3.61370900e+01       -8.21533000e-09    0.00   21.26
  121  38940.75        3.64151200e+01        3.46123700e-08    0.00   21.26
  122  38940.99        3.67190500e+01        2.25883700e-08    0.00   21.26
  123  38941.31        3.70711600e+01        7.65104700e-08    0.00   21.26
  124  38941.63        3.73446400e+01        1.25784070e-07    0.00   20.78
  125  38941.87        3.76204000e+01        1.38427870e-07    0.00   20.78
  126  38942.12        3.79245400e+01        1.62103970e-07    0.00   20.78
  127  38942.46        3.82475100e+01        2.63003570e-07    0.00   21.21
  128  38942.72        3.85364100e+01        3.57023470e-07    0.00   21.21
  129  38942.97        3.88196800e+01        4.20552270e-07    0.00   21.21
  130  38943.26        3.91090100e+01        5.17983870e-07    0.00   21.21
  131  38943.53        3.94361500e+01        7.00265170e-07    0.00   20.95
  132  38943.80        3.97076000e+01        8.60543770e-07    0.00   20.95
  133  38944.04        4.00073800e+01        1.00266247e-06    0.00   20.95
  134  38944.42        4.03326300e+01        1.19138957e-06    0.00   20.91
  135  38944.67        4.05900100e+01        1.52068597e-06    0.00   20.91
  136  38944.91        4.08682300e+01        1.74703457e-06    0.00   20.91
  137  38945.15        4.11987800e+01        2.05519597e-06    0.00   20.91
  138  38945.44        4.15113000e+01        2.56664957e-06    0.00   21.20
  139  38945.68        4.17838000e+01        3.80809617e-06    0.00   21.20
  140  38945.93        4.20968600e+01        3.85997287e-06    0.00   21.20
  141  38946.21        4.23716200e+01        5.15019727e-06    0.00   21.20
  142  38946.54        4.26647600e+01        6.33673007e-06    0.00   20.78
  143  38946.81        4.29881900e+01        6.53332857e-06    0.00   20.78
  144  38947.06        4.32941100e+01        8.15334507e-06    0.00   20.78
  145  38947.47        4.36149700e+01        1.04869299e-05    0.00   21.28
  146  38947.72        4.39126500e+01        1.27734724e-05    0.00   21.28
  147  38947.98        4.41931000e+01        1.45294095e-05    0.00   21.28
  148  38948.28        4.44739000e+01        1.66117923e-05    0.00   21.28
  149  38948.61        4.48088800e+01        2.21363221e-05    0.00   20.94