# Ic = 38.36 A, n = 28.19 , Tavg = 0.00 K, Anneal187_00K___3600s
#idx    t_s     iHTS_A                vHTS_V                tHTS_K  tTAR_K
    0  130800.03        5.52985100e-02        5.77399650e-08    0.00   20.94
    1  130800.37        4.02310800e-01        6.42483150e-08    0.00   20.98
    2  130800.66        6.83054600e-01        5.42702250e-08    0.00   20.98
    3  130800.91        9.54993200e-01        5.99103250e-08    0.00   20.98
    4  130801.17        1.23864200e+00        4.60270050e-08    0.00   20.98
    5  130801.50        1.57207700e+00        2.39004750e-08    0.00   21.24
    6  130801.76        1.85759400e+00        2.16692350e-08    0.00   21.24
    7  130802.00        2.15781800e+00        2.54499550e-08    0.00   21.24
    8  130802.29        2.50793100e+00        7.59998500e-09    0.00   21.24
    9  130802.61        2.78697300e+00        4.21843050e-08    0.00   20.82
   10  130802.85        3.06759500e+00        3.15858850e-08    0.00   20.82
   11  130803.09        3.37195800e+00        2.04916350e-08    0.00   20.82
   12  130803.46        3.68994700e+00        3.92093150e-08    0.00   21.26
   13  130803.78        3.96911200e+00        6.04061550e-08    0.00   21.26
   14  130804.03        4.27290300e+00        7.39175950e-08    0.00   21.26
   15  130804.32        4.58382800e+00        5.96004250e-08    0.00   20.95
   16  130804.63        4.89738100e+00        2.14832950e-08    0.00   20.95
   17  130804.90        5.17428500e+00       -8.45259500e-09    0.00   20.95
   18  130805.14        5.46689300e+00       -3.29963050e-08    0.00   20.95
   19  130805.44        5.80418100e+00       -6.65520500e-09    0.00   20.99
   20  130805.73        6.10234100e+00       -4.60989500e-09    0.00   20.99
   21  130805.97        6.39628300e+00       -5.01654150e-08    0.00   20.99
   22  130806.21        6.70267800e+00       -2.04793150e-08    0.00   20.99
   23  130806.49        7.01917200e+00       -3.36207250e-08    0.00   21.24
   24  130806.73        7.33281200e+00        4.31043500e-09    0.00   21.24
   25  130806.98        7.61193300e+00        1.39791650e-08    0.00   21.24
   26  130807.22        7.90402700e+00       -4.09962250e-08    0.00   21.24
   27  130807.48        8.23109000e+00       -2.12249250e-08    0.00   20.82
   28  130807.75        8.53218800e+00       -1.53988950e-08    0.00   20.82
   29  130807.99        8.80818900e+00       -2.61212650e-08    0.00   20.82
   30  130808.26        9.13910000e+00       -9.44890500e-09    0.00   20.82
   31  130808.52        9.43039700e+00       -4.06243550e-08    0.00   21.26
   32  130808.78        9.70486100e+00       -2.34561650e-08    0.00   21.26
   33  130809.02        9.98386400e+00       -7.52755500e-09    0.00   21.26
   34  130809.31        1.02884800e+01       -7.89943500e-09    0.00   21.26
   35  130809.56        1.06220300e+01       -2.61212650e-08    0.00   20.95
   36  130809.80        1.09023900e+01       -3.87649850e-08    0.00   20.95
   37  130810.05        1.11694500e+01       -3.39306250e-08    0.00   20.95
   38  130810.31        1.15304100e+01       -5.61191050e-08    0.00   20.98
   39  130810.61        1.18182000e+01       -6.02717050e-08    0.00   20.98
   40  130810.85        1.20592800e+01       -2.51296050e-08    0.00   20.98
   41  130811.10        1.23643700e+01       -8.17164450e-08    0.00   20.98
   42  130811.37        1.27121900e+01       -1.14937195e-07    0.00   21.24
   43  130811.62        1.29926500e+01       -7.92372850e-08    0.00   21.24
   44  130811.87        1.32613700e+01       -9.20670550e-08    0.00   21.24
   45  130812.11        1.35624800e+01       -6.94451850e-08    0.00   21.24
   46  130812.36        1.39093000e+01       -8.25232350e-08    0.00   20.82
   47  130812.67        1.41863900e+01       -9.31217550e-08    0.00   20.82
   48  130812.91        1.44578100e+01       -5.78557050e-08    0.00   20.82
   49  130813.16        1.47572400e+01       -5.08520750e-08    0.00   20.82
   50  130813.56        1.51077200e+01       -1.00869135e-07    0.00   21.25
   51  130813.80        1.53521500e+01       -8.38868850e-08    0.00   21.25
   52  130814.04        1.56547500e+01       -6.47973550e-08    0.00   21.25
   53  130814.36        1.60102900e+01       -5.68020650e-08    0.00   20.94
   54  130814.62        1.62823100e+01       -5.03562450e-08    0.00   20.94
   55  130814.86        1.65583300e+01       -7.48999350e-08    0.00   20.94
   56  130815.10        1.68637500e+01       -1.03100375e-07    0.00   20.94
   57  130815.42        1.72183600e+01       -1.06447245e-07    0.00   20.98
   58  130815.71        1.74609100e+01       -1.00497265e-07    0.00   20.98
   59  130815.96        1.77664800e+01       -1.21756055e-07    0.00   20.98
   60  130816.20        1.80771300e+01       -1.22065955e-07    0.00   20.98
   61  130816.54        1.83960100e+01       -1.54852845e-07    0.00   21.23
   62  130816.79        1.86736700e+01       -1.21074285e-07    0.00   21.23
   63  130817.03        1.89787100e+01       -8.41967850e-08    0.00   21.23
   64  130817.42        1.93118700e+01       -8.61801150e-08    0.00   20.81
   65  130817.67        1.95891900e+01       -1.49460675e-07    0.00   20.81
   66  130817.91        1.98724400e+01       -1.30062065e-07    0.00   20.81
   67  130818.15        2.01566600e+01       -1.07750725e-07    0.00   20.81
   68  130818.40        2.04992200e+01       -1.06388025e-07    0.00   21.25
   69  130818.71        2.07658200e+01       -9.65333650e-08    0.00   21.25
   70  130818.96        2.10758600e+01       -1.01553665e-07    0.00   21.25
   71  130819.20        2.13552600e+01       -1.17730175e-07    0.00   21.25
   72  130819.53        2.17018100e+01       -1.46674355e-07    0.00   20.93
   73  130819.78        2.19808000e+01       -1.33906685e-07    0.00   20.93
   74  130820.03        2.22837500e+01       -1.04838545e-07    0.00   20.93
   75  130820.32        2.26171600e+01       -1.58264415e-07    0.00   20.98
   76  130820.66        2.29094300e+01       -1.68181055e-07    0.00   20.98
   77  130820.90        2.31817800e+01       -1.64028465e-07    0.00   20.98
   78  130821.16        2.34609300e+01       -1.40724375e-07    0.00   20.98
   79  130821.51        2.38124500e+01       -1.55909215e-07    0.00   21.22
   80  130821.77        2.40832600e+01       -1.36013965e-07    0.00   21.22
   81  130822.01        2.43865200e+01       -1.45186855e-07    0.00   21.22
   82  130822.29        2.47282000e+01       -1.66755535e-07    0.00   21.22
   83  130822.61        2.50022800e+01       -1.40228535e-07    0.00   20.80
   84  130822.85        2.52773300e+01       -1.40228535e-07    0.00   20.80
   85  130823.10        2.55514900e+01       -1.67623245e-07    0.00   20.80
   86  130823.35        2.59000400e+01       -1.78159665e-07    0.00   21.25
   87  130823.65        2.62010600e+01       -1.76486235e-07    0.00   21.25
   88  130823.89        2.64706900e+01       -1.76920595e-07    0.00   21.25
   89  130824.15        2.67509600e+01       -1.49588385e-07    0.00   21.25
   90  130824.48        2.71069600e+01       -1.39300125e-07    0.00   20.92
   91  130824.76        2.73782600e+01       -1.99233775e-07    0.00   20.92
   92  130825.00        2.76507800e+01       -1.80392175e-07    0.00   20.92
   93  130825.37        2.80143500e+01       -1.69979715e-07    0.00   20.98
   94  130825.62        2.82882400e+01       -1.65455245e-07    0.00   20.98
   95  130825.88        2.85771300e+01       -1.45745945e-07    0.00   20.98
   96  130826.12        2.88550200e+01       -1.79772385e-07    0.00   20.98
   97  130826.43        2.91991100e+01       -2.02890535e-07    0.00   21.22
   98  130826.69        2.94771400e+01       -2.00473355e-07    0.00   21.22
   99  130826.94        2.97569800e+01       -2.31648765e-07    0.00   21.22
  100  130827.19        3.00685300e+01       -2.28673785e-07    0.00   21.22
  101  130827.53        3.04172200e+01       -1.94027545e-07    0.00   20.81
  102  130827.79        3.07003800e+01       -2.07353025e-07    0.00   20.81
  103  130828.03        3.09660000e+01       -2.30781065e-07    0.00   20.81
  104  130828.28        3.12619100e+01       -1.90866615e-07    0.00   20.81
  105  130828.60        3.16251900e+01       -1.61984425e-07    0.00   21.25
  106  130828.85        3.18777400e+01       -2.12187375e-07    0.00   21.25
  107  130829.10        3.21571000e+01       -1.95762955e-07    0.00   21.25
  108  130829.34        3.25285300e+01       -1.86218195e-07    0.00   20.91
  109  130829.64        3.28380400e+01       -1.77169265e-07    0.00   20.91
  110  130829.88        3.30802000e+01       -1.82559175e-07    0.00   20.91
  111  130830.14        3.33755600e+01       -1.88692825e-07    0.00   20.91
  112  130830.50        3.37229100e+01       -1.84974085e-07    0.00   20.98
  113  130830.79        3.39767600e+01       -2.17513065e-07    0.00   20.98
  114  130831.03        3.42947600e+01       -2.21603685e-07    0.00   20.98
  115  130831.36        3.46482500e+01       -1.81565245e-07    0.00   20.98
  116  130831.61        3.49277300e+01       -1.71586625e-07    0.00   21.21
  117  130831.85        3.51780800e+01       -2.14290155e-07    0.00   21.21
  118  130832.09        3.54903600e+01       -1.82247015e-07    0.00   21.21
  119  130832.39        3.58432600e+01       -1.80821495e-07    0.00   20.80
  120  130832.69        3.60852200e+01       -1.90118345e-07    0.00   20.80
  121  130832.95        3.63994000e+01       -1.25722155e-07    0.00   20.80
  122  130833.19        3.67067400e+01       -1.11962815e-07    0.00   20.80
  123  130833.53        3.70524400e+01       -8.93404750e-08    0.00   21.25
  124  130833.79        3.73058600e+01       -6.78337550e-08    0.00   21.25
  125  130834.03        3.75981200e+01       -6.57264750e-08    0.00   21.25
  126  130834.34        3.79738300e+01       -3.42411350e-08    0.00   20.92
  127  130834.61        3.82350200e+01        4.49680350e-08    0.00   20.92
  128  130834.85        3.84757300e+01        1.29693345e-07    0.00   20.92
  129  130835.09        3.88103400e+01        1.80082285e-07    0.00   20.92
  130  130835.45        3.91604600e+01        2.64993525e-07    0.00   20.98
  131  130835.69        3.94061400e+01        3.79283245e-07    0.00   20.98
  132  130835.94        3.96957700e+01        4.43122205e-07    0.00   20.98
  133  130836.20        3.99935700e+01        6.26828445e-07    0.00   20.98
  134  130836.54        4.03179800e+01        7.50414625e-07    0.00   21.22
  135  130836.79        4.05817600e+01        9.83951595e-07    0.00   21.22
  136  130837.04        4.08826300e+01        1.20205579e-06    0.00   21.22
  137  130837.43        4.12282600e+01        1.50550510e-06    0.00   21.22
  138  130837.69        4.15061100e+01        1.85500482e-06    0.00   20.81
  139  130837.94        4.17744900e+01        2.17450670e-06    0.00   20.81
  140  130838.18        4.20569100e+01        2.54923188e-06    0.00   20.81
  141  130838.50        4.23910800e+01        3.72286670e-06    0.00   21.25
  142  130838.76        4.26818800e+01        3.99514055e-06    0.00   21.25
  143  130839.00        4.29844400e+01        5.31467401e-06    0.00   21.25
  144  130839.29        4.33391900e+01        6.53597061e-06    0.00   21.25
  145  130839.61        4.35980400e+01        7.94208881e-06    0.00   20.92
  146  130839.86        4.38802500e+01        8.08767751e-06    0.00   20.92
  147  130840.11        4.41864100e+01        1.08995418e-05    0.00   20.92
  148  130840.49        4.45075100e+01        1.28105410e-05    0.00   20.98
  149  130840.75        4.47843300e+01        1.58273699e-05    0.00   20.98
  150  130840.99        4.50766000e+01        1.75950116e-05    0.00   20.98
  151  130841.29        4.53852100e+01        2.25155260e-05    0.00   20.98