# Ic = 38.78 A, n = 29.65 , Tavg = 0.00 K, Anneal205_00K___3600s
#idx    t_s     iHTS_A                vHTS_V                tHTS_K  tTAR_K
    0  185346.13        5.04706400e-02       -3.62948460e-08    0.00   20.83
    1  185346.39        3.89739200e-01       -2.96631060e-08    0.00   21.07
    2  185346.67        6.73146700e-01       -4.18968600e-09    0.00   21.07
    3  185346.91        9.45111000e-01       -8.77593600e-09    0.00   21.07
    4  185347.15        1.25401400e+00        2.30194240e-08    0.00   21.07
    5  185347.54        1.57466600e+00        5.78928400e-09    0.00   21.17
    6  185347.79        1.84771600e+00        1.06236440e-08    0.00   21.17
    7  185348.03        2.14885400e+00        3.37417840e-08    0.00   21.17
    8  185348.42        2.45380000e+00       -2.25970560e-08    0.00   21.17
    9  185348.72        2.75528600e+00        2.95891940e-08    0.00   20.83
   10  185348.96        3.05661200e+00        3.82662440e-08    0.00   20.83
   11  185349.21        3.36280400e+00        1.33507140e-08    0.00   20.83
   12  185349.48        3.68138700e+00       -3.07782760e-08    0.00   21.26
   13  185349.73        3.98748600e+00       -4.76365360e-08    0.00   21.26
   14  185349.99        4.26469600e+00       -2.51381960e-08    0.00   21.26
   15  185350.26        4.63965500e+00       -4.24303160e-08    0.00   21.26
   16  185350.68        4.89037300e+00       -5.22229760e-08    0.00   20.95
   17  185350.93        5.16633000e+00       -4.41037460e-08    0.00   20.95
   18  185351.17        5.48371500e+00       -3.12741060e-08    0.00   20.95
   19  185351.46        5.80981400e+00       -3.18938960e-08    0.00   21.06
   20  185351.75        6.10278400e+00       -3.55506560e-08    0.00   21.06
   21  185351.99        6.38458500e+00       -4.41037460e-08    0.00   21.06
   22  185352.24        6.74240000e+00       -6.45567860e-08    0.00   21.06
   23  185352.54        7.01218000e+00       -4.98058060e-08    0.00   21.16
   24  185352.80        7.29696300e+00       -5.57550460e-08    0.00   21.16
   25  185353.05        7.60492500e+00       -7.30464160e-08    0.00   21.16
   26  185353.32        7.93751500e+00       -6.13943760e-08    0.00   20.87
   27  185353.65        8.18590200e+00       -8.36448160e-08    0.00   20.87
   28  185353.90        8.49993600e+00       -1.19716566e-07    0.00   20.87
   29  185354.16        8.80467100e+00       -1.15440016e-07    0.00   20.87
   30  185354.47        9.12412900e+00       -1.11411386e-07    0.00   21.08
   31  185354.71        9.39336900e+00       -9.03385460e-08    0.00   21.08
   32  185354.96        9.69229600e+00       -1.20088446e-07    0.00   21.08
   33  185355.21        9.97430000e+00       -9.61025860e-08    0.00   21.08
   34  185355.48        1.03178500e+01       -9.44911360e-08    0.00   20.87
   35  185355.73        1.06071000e+01       -1.17733246e-07    0.00   20.87
   36  185355.97        1.08911500e+01       -1.54114886e-07    0.00   20.87
   37  185356.22        1.11777000e+01       -1.51759686e-07    0.00   20.87
   38  185356.49        1.15055500e+01       -7.94922260e-08    0.00   21.09
   39  185356.74        1.18117500e+01       -1.05399426e-07    0.00   21.09
   40  185356.99        1.20492400e+01       -1.34157666e-07    0.00   21.09
   41  185357.25        1.23678200e+01       -1.61738296e-07    0.00   21.09
   42  185357.54        1.26987500e+01       -1.24426966e-07    0.00   21.16
   43  185357.79        1.29721000e+01       -1.59135186e-07    0.00   21.16
   44  185358.03        1.32481900e+01       -2.00661086e-07    0.00   21.16
   45  185358.31        1.36099900e+01       -2.10763656e-07    0.00   20.82
   46  185358.58        1.38935200e+01       -1.62791716e-07    0.00   20.82
   47  185358.83        1.41229800e+01       -1.37194096e-07    0.00   20.82
   48  185359.08        1.44495300e+01       -1.72149996e-07    0.00   20.82
   49  185359.34        1.47986000e+01       -1.53184436e-07    0.00   21.31
   50  185359.62        1.50798600e+01       -1.58328686e-07    0.00   21.31
   51  185359.87        1.53449200e+01       -1.60373996e-07    0.00   21.31
   52  185360.12        1.56482400e+01       -1.47420386e-07    0.00   21.31
   53  185360.37        1.59995600e+01       -1.04221046e-07    0.00   20.82
   54  185360.62        1.62692700e+01       -9.43044160e-08    0.00   20.82
   55  185360.88        1.65517400e+01       -1.48102156e-07    0.00   20.82
   56  185361.13        1.68570600e+01       -1.79587476e-07    0.00   20.82
   57  185361.38        1.72251300e+01       -1.98924916e-07    0.00   21.00
   58  185361.63        1.74806200e+01       -2.21361306e-07    0.00   21.00
   59  185361.88        1.77631300e+01       -2.06362396e-07    0.00   21.00
   60  185362.13        1.80463600e+01       -1.91239526e-07    0.00   21.00
   61  185362.39        1.84022600e+01       -2.12932166e-07    0.00   21.15
   62  185362.66        1.86800200e+01       -1.72583856e-07    0.00   21.15
   63  185362.90        1.89720600e+01       -1.72707806e-07    0.00   21.15
   64  185363.15        1.92503900e+01       -1.76488526e-07    0.00   21.15
   65  185363.45        1.95888300e+01       -1.54609956e-07    0.00   20.84
   66  185363.71        1.98700200e+01       -2.03821256e-07    0.00   20.84
   67  185363.95        2.01677600e+01       -2.12684246e-07    0.00   20.84
   68  185364.19        2.04512800e+01       -2.27559206e-07    0.00   20.84
   69  185364.47        2.07969900e+01       -1.99916456e-07    0.00   21.32
   70  185364.73        2.10928800e+01       -2.11692156e-07    0.00   21.32
   71  185364.97        2.13493900e+01       -1.99420146e-07    0.00   21.32
   72  185365.21        2.16591700e+01       -1.93718076e-07    0.00   21.32
   73  185365.56        2.20211100e+01       -2.51358536e-07    0.00   20.78
   74  185365.84        2.22727500e+01       -2.51668436e-07    0.00   20.78
   75  185366.08        2.25570100e+01       -2.31959116e-07    0.00   20.78
   76  185366.47        2.29103100e+01       -2.49561146e-07    0.00   21.12
   77  185366.73        2.32078800e+01       -2.35429936e-07    0.00   21.12
   78  185366.98        2.34560600e+01       -2.58300186e-07    0.00   21.12
   79  185367.25        2.37933900e+01       -2.68650676e-07    0.00   21.12
   80  185367.62        2.41069200e+01       -2.38652846e-07    0.00   21.12
   81  185367.87        2.43829800e+01       -2.31463286e-07    0.00   21.12
   82  185368.11        2.46645600e+01       -2.40946066e-07    0.00   21.12
   83  185368.48        2.49557800e+01       -2.23839866e-07    0.00   20.77
   84  185368.77        2.52779900e+01       -2.25699236e-07    0.00   20.77
   85  185369.01        2.55510800e+01       -2.17827906e-07    0.00   20.77
   86  185369.37        2.58543600e+01       -2.37475246e-07    0.00   20.77
   87  185369.68        2.61962800e+01       -2.43797096e-07    0.00   21.30
   88  185369.94        2.64697700e+01       -2.40202316e-07    0.00   21.30
   89  185370.18        2.67448700e+01       -2.42061686e-07    0.00   21.30
   90  185370.53        2.70900000e+01       -3.09494526e-07    0.00   20.80
   91  185370.78        2.73654500e+01       -3.07820706e-07    0.00   20.80
   92  185371.03        2.76340100e+01       -2.49808296e-07    0.00   20.80
   93  185371.37        2.80091900e+01       -2.96106616e-07    0.00   21.06
   94  185371.64        2.82997300e+01       -3.45193986e-07    0.00   21.06
   95  185371.90        2.85695200e+01       -3.20154466e-07    0.00   21.06
   96  185372.14        2.88488200e+01       -2.83091016e-07    0.00   21.06
   97  185372.54        2.92000400e+01       -3.10671676e-07    0.00   21.15
   98  185372.79        2.94672400e+01       -3.51453866e-07    0.00   21.15
   99  185373.03        2.97459500e+01       -3.32054436e-07    0.00   21.15
  100  185373.30        3.01044200e+01       -3.43892426e-07    0.00   21.15
  101  185373.54        3.03990700e+01       -2.82843106e-07    0.00   20.81
  102  185373.79        3.06802600e+01       -2.83214976e-07    0.00   20.81
  103  185374.05        3.09635200e+01       -2.80673836e-07    0.00   20.81
  104  185374.37        3.13335400e+01       -3.21579986e-07    0.00   21.26
  105  185374.68        3.15854200e+01       -3.59449156e-07    0.00   21.26
  106  185374.93        3.18630400e+01       -3.81265766e-07    0.00   21.26
  107  185375.17        3.21743700e+01       -3.33665886e-07    0.00   21.26
  108  185375.57        3.25204700e+01       -3.07386796e-07    0.00   20.80
  109  185375.82        3.27907400e+01       -3.52073656e-07    0.00   20.80
  110  185376.06        3.30787200e+01       -3.61804356e-07    0.00   20.80
  111  185376.41        3.34250300e+01       -3.35835486e-07    0.00   21.08
  112  185376.69        3.37023300e+01       -3.26787206e-07    0.00   21.08
  113  185376.93        3.39693500e+01       -3.67073656e-07    0.00   21.08
  114  185377.18        3.42778200e+01       -3.37943536e-07    0.00   21.08
  115  185377.49        3.46455800e+01       -2.86191086e-07    0.00   21.14
  116  185377.74        3.49311800e+01       -2.86067126e-07    0.00   21.14
  117  185377.99        3.51783200e+01       -3.00322296e-07    0.00   21.14
  118  185378.26        3.55410200e+01       -2.98462926e-07    0.00   21.14
  119  185378.51        3.57829700e+01       -2.85509316e-07    0.00   20.84
  120  185378.76        3.60857900e+01       -3.32303446e-07    0.00   20.84
  121  185379.01        3.63882700e+01       -3.49719536e-07    0.00   20.84
  122  185379.36        3.66992300e+01       -2.86191086e-07    0.00   21.24
  123  185379.67        3.70435600e+01       -2.46462556e-07    0.00   21.24
  124  185379.91        3.72907600e+01       -2.27373036e-07    0.00   21.24
  125  185380.16        3.75837900e+01       -1.92106996e-07    0.00   21.24
  126  185380.50        3.79570700e+01       -1.63968536e-07    0.00   20.89
  127  185380.77        3.81911100e+01       -9.92005060e-08    0.00   20.89
  128  185381.03        3.84906200e+01       -3.99486060e-08    0.00   20.89
  129  185381.37        3.88614100e+01       -8.02943600e-09    0.00   21.08
  130  185381.66        3.91094300e+01        7.51463540e-08    0.00   21.08
  131  185381.90        3.93835500e+01        1.23056104e-07    0.00   21.08
  132  185382.15        3.96883500e+01        2.33378444e-07    0.00   21.08
  133  185382.53        4.00274400e+01        3.32729744e-07    0.00   21.11
  134  185382.78        4.02684300e+01        5.22755974e-07    0.00   21.11
  135  185383.03        4.05762100e+01        6.82165774e-07    0.00   21.11
  136  185383.35        4.08785900e+01        8.59115614e-07    0.00   21.11
  137  185383.68        4.12107600e+01        1.20415231e-06    0.00   20.81
  138  185383.92        4.14544000e+01        1.44661387e-06    0.00   20.81
  139  185384.16        4.17336900e+01        1.76506161e-06    0.00   20.81
  140  185384.42        4.20925900e+01        2.23634938e-06    0.00   21.35
  141  185384.68        4.23537300e+01        2.69840229e-06    0.00   21.35
  142  185384.94        4.26620100e+01        3.91380906e-06    0.00   21.35
  143  185385.18        4.29796000e+01        4.08858964e-06    0.00   21.35
  144  185385.49        4.33140000e+01        5.72780831e-06    0.00   20.81
  145  185385.73        4.35936800e+01        6.79737866e-06    0.00   20.81
  146  185385.98        4.38636900e+01        8.14083388e-06    0.00   20.81
  147  185386.25        4.42108600e+01        9.39392378e-06    0.00   20.81
  148  185386.57        4.44589100e+01        1.14949474e-05    0.00   21.14
  149  185386.82        4.47542800e+01        1.40597593e-05    0.00   21.14
  150  185387.07        4.50701000e+01        1.60650254e-05    0.00   21.14
  151  185387.36        4.53977500e+01        2.01912103e-05    0.00   21.16