# Ic = 38.00 A, n = 27.34 , Tavg = 0.00 K, Anneal175_00K___3600s
#idx    t_s     iHTS_A                vHTS_V                tHTS_K  tTAR_K
    0  95224.44        8.53165800e-02        3.65056500e-08    0.00   21.25
    1  95224.69        3.94336000e-01        4.45628500e-08    0.00   21.25
    2  95224.94        6.74865500e-01        3.56379500e-08    0.00   21.25
    3  95225.28        9.77952600e-01        8.98695000e-09    0.00   21.25
    4  95225.58        1.32572600e+00       -2.90681500e-08    0.00   20.84
    5  95225.83        1.56848400e+00        2.97495000e-09    0.00   20.84
    6  95226.08        1.85831400e+00        3.53285000e-09    0.00   20.84
    7  95226.41        2.22754100e+00        4.83435000e-09    0.00   20.84
    8  95226.68        2.54155100e+00        3.70634500e-08    0.00   20.98
    9  95226.92        2.77988200e+00        2.96879500e-08    0.00   20.98
   10  95227.17        3.09029100e+00        1.53707500e-08    0.00   20.98
   11  95227.46        3.43372900e+00        9.54475000e-09    0.00   20.89
   12  95227.72        3.69518100e+00        3.53285000e-09    0.00   20.89
   13  95227.96        3.99330700e+00        3.96665000e-09    0.00   20.89
   14  95228.21        4.29959300e+00        4.71040500e-08    0.00   20.89
   15  95228.46        4.64726200e+00        1.84697500e-08    0.00   21.23
   16  95228.74        4.92248700e+00        3.80550500e-08    0.00   21.23
   17  95228.98        5.20298300e+00        5.76404500e-08    0.00   21.23
   18  95229.24        5.56147500e+00        1.22751500e-08    0.00   21.23
   19  95229.51        5.83682400e+00        3.29225000e-09    0.00   20.77
   20  95229.78        6.11517700e+00        1.43873500e-08    0.00   20.77
   21  95230.03        6.42216100e+00       -3.52465000e-09    0.00   20.77
   22  95230.29        6.75968300e+00        1.20941500e-08    0.00   21.20
   23  95230.57        7.04500400e+00        1.11024500e-08    0.00   21.20
   24  95230.81        7.33266500e+00        3.09357500e-08    0.00   21.20
   25  95231.07        7.64030900e+00        3.27331500e-08    0.00   21.20
   26  95231.37        7.95765600e+00        1.25899500e-08    0.00   20.97
   27  95231.63        8.23359800e+00       -1.04545000e-09    0.00   20.97
   28  95231.87        8.53547900e+00        2.79725000e-09    0.00   20.97
   29  95232.12        8.83614400e+00       -1.72839500e-08    0.00   20.97
   30  95232.36        9.15187500e+00       -1.95771500e-08    0.00   20.90
   31  95232.62        9.45110200e+00       -2.16844500e-08    0.00   20.90
   32  95232.88        9.73035700e+00        1.06185000e-09    0.00   20.90
   33  95233.12        1.00103000e+01        9.37850000e-10    0.00   20.90
   34  95233.40        1.03530800e+01       -2.96675000e-09    0.00   21.23
   35  95233.65        1.06551600e+01       -5.94175000e-09    0.00   21.23
   36  95233.90        1.09305600e+01       -3.02875000e-09    0.00   21.23
   37  95234.16        1.12048000e+01        5.33835000e-09    0.00   21.23
   38  95234.41        1.15344000e+01       -5.36656500e-08    0.00   20.78
   39  95234.67        1.18144300e+01       -4.70338500e-08    0.00   20.78
   40  95234.93        1.20648500e+01       -4.05254500e-08    0.00   20.78
   41  95235.17        1.23945100e+01       -5.88065500e-08    0.00   20.78
   42  95235.47        1.27401900e+01       -2.99829500e-08    0.00   21.20
   43  95235.73        1.30420000e+01       -5.56325000e-09    0.00   21.20
   44  95235.97        1.32846500e+01       -5.89891500e-08    0.00   21.20
   45  95236.23        1.35987300e+01       -5.29152500e-08    0.00   21.20
   46  95236.53        1.38867800e+01       -4.20069500e-08    0.00   20.98
   47  95236.79        1.41780800e+01       -2.63262500e-08    0.00   20.98
   48  95237.04        1.44833500e+01       -3.22762500e-08    0.00   20.98
   49  95237.40        1.47948800e+01       -3.15324500e-08    0.00   20.88
   50  95237.66        1.51236700e+01       -6.74183500e-08    0.00   20.88
   51  95237.90        1.53749000e+01       -7.90704500e-08    0.00   20.88
   52  95238.15        1.56594600e+01       -6.98355500e-08    0.00   20.88
   53  95238.48        1.60243800e+01       -7.22527500e-08    0.00   21.23
   54  95238.73        1.62940000e+01       -6.66126500e-08    0.00   21.23
   55  95238.98        1.65732000e+01       -1.41065000e-09    0.00   21.23
   56  95239.29        1.69458100e+01       -3.09126500e-08    0.00   21.23
   57  95239.59        1.72416900e+01       -7.04553500e-08    0.00   20.77
   58  95239.84        1.74660500e+01       -6.94016500e-08    0.00   20.77
   59  95240.09        1.77911500e+01       -9.71063500e-08    0.00   20.77
   60  95240.35        1.81412800e+01       -8.69417500e-08    0.00   21.20
   61  95240.60        1.84186900e+01       -9.33875500e-08    0.00   21.20
   62  95240.85        1.86972300e+01       -6.20260500e-08    0.00   21.20
   63  95241.11        1.90020100e+01       -6.82233500e-08    0.00   21.20
   64  95241.51        1.93153700e+01       -6.08473500e-08    0.00   20.97
   65  95241.79        1.95954200e+01       -7.67140500e-08    0.00   20.97
   66  95242.04        1.98975400e+01       -6.05994500e-08    0.00   20.97
   67  95242.35        2.01974400e+01       -6.65494500e-08    0.00   20.97
   68  95242.63        2.05119600e+01       -1.02993150e-07    0.00   20.89
   69  95242.87        2.07941300e+01       -1.19169650e-07    0.00   20.89
   70  95243.12        2.10773900e+01       -1.20533250e-07    0.00   20.89
   71  95243.47        2.14160500e+01       -1.08509250e-07    0.00   21.22
   72  95243.74        2.17335200e+01       -1.18054050e-07    0.00   21.22
   73  95243.99        2.20017200e+01       -1.21091050e-07    0.00   21.22
   74  95244.26        2.23592400e+01       -1.18797850e-07    0.00   21.22
   75  95244.53        2.26259000e+01       -9.40061500e-08    0.00   20.77
   76  95244.78        2.29029000e+01       -6.60536500e-08    0.00   20.77
   77  95245.03        2.32021500e+01       -9.80348500e-08    0.00   20.77
   78  95245.33        2.35316300e+01       -1.15512950e-07    0.00   21.19
   79  95245.65        2.38364600e+01       -9.66093500e-08    0.00   21.19
   80  95245.89        2.41006100e+01       -1.24375950e-07    0.00   21.19
   81  95246.14        2.44149400e+01       -1.23012450e-07    0.00   21.19
   82  95246.38        2.47269100e+01       -1.56419120e-07    0.00   20.97
   83  95246.64        2.50144600e+01       -1.59518080e-07    0.00   20.97
   84  95246.88        2.53099500e+01       -1.65342480e-07    0.00   20.97
   85  95247.13        2.55844500e+01       -1.48358570e-07    0.00   20.97
   86  95247.43        2.59269000e+01       -1.10302550e-07    0.00   20.87
   87  95247.70        2.61776300e+01       -1.09620850e-07    0.00   20.87
   88  95247.95        2.65013900e+01       -1.46064520e-07    0.00   20.87
   89  95248.19        2.67786900e+01       -1.42717650e-07    0.00   20.87
   90  95248.44        2.71209500e+01       -1.42655670e-07    0.00   21.22
   91  95248.70        2.74040500e+01       -1.41849950e-07    0.00   21.22
   92  95248.94        2.76744200e+01       -1.01625550e-07    0.00   21.22
   93  95249.18        2.79886800e+01       -9.31343500e-08    0.00   21.22
   94  95249.52        2.83286800e+01       -9.70390500e-08    0.00   20.76
   95  95249.79        2.86086300e+01       -1.20095250e-07    0.00   20.76
   96  95250.04        2.88842400e+01       -1.46560360e-07    0.00   20.76
   97  95250.36        2.92392000e+01       -1.33730680e-07    0.00   21.19
   98  95250.61        2.95165700e+01       -1.75504600e-07    0.00   21.19
   99  95250.87        2.97847700e+01       -1.32367140e-07    0.00   21.19
  100  95251.11        3.00918500e+01       -1.23070250e-07    0.00   21.19
  101  95251.47        3.04413100e+01       -1.58150450e-07    0.00   20.96
  102  95251.72        3.07304900e+01       -1.42469740e-07    0.00   20.96
  103  95251.97        3.09998200e+01       -1.52944210e-07    0.00   20.96
  104  95252.21        3.13082200e+01       -1.61187430e-07    0.00   20.96
  105  95252.55        3.16467600e+01       -1.34102560e-07    0.00   20.88
  106  95252.79        3.19020100e+01       -1.66581710e-07    0.00   20.88
  107  95253.04        3.22072800e+01       -1.75012970e-07    0.00   20.88
  108  95253.40        3.25633600e+01       -1.44954170e-07    0.00   21.21
  109  95253.67        3.28586600e+01       -2.09102510e-07    0.00   21.21
  110  95253.91        3.31064200e+01       -2.29245710e-07    0.00   21.21
  111  95254.16        3.33929900e+01       -1.54498940e-07    0.00   21.21
  112  95254.45        3.37613600e+01       -1.19976550e-07    0.00   20.76
  113  95254.69        3.40103900e+01       -1.46689580e-07    0.00   20.76
  114  95254.95        3.43157000e+01       -1.45759890e-07    0.00   20.76
  115  95255.19        3.46215900e+01       -1.54374980e-07    0.00   20.76
  116  95255.47        3.49661400e+01       -1.69435900e-07    0.00   21.18
  117  95255.72        3.52222100e+01       -1.67638510e-07    0.00   21.18
  118  95255.96        3.55226000e+01       -1.66646840e-07    0.00   21.18
  119  95256.21        3.58351600e+01       -1.34975530e-07    0.00   21.18
  120  95256.46        3.61059700e+01       -1.13034950e-07    0.00   20.97
  121  95256.72        3.64477900e+01       -8.23553500e-08    0.00   20.97
  122  95256.97        3.67351600e+01       -6.86579500e-08    0.00   20.97
  123  95257.21        3.70240800e+01       -6.65506500e-08    0.00   20.97
  124  95257.50        3.73660900e+01       -1.55418500e-08    0.00   20.87
  125  95257.75        3.76553100e+01        1.66872500e-08    0.00   20.87
  126  95257.99        3.79435500e+01        5.57340500e-08    0.00   20.87
  127  95258.26        3.82898900e+01        1.21989750e-07    0.00   20.87
  128  95258.54        3.85670700e+01        1.73556250e-07    0.00   21.22
  129  95258.78        3.88456700e+01        2.84433450e-07    0.00   21.22
  130  95259.03        3.91428500e+01        3.91654450e-07    0.00   21.22
  131  95259.30        3.94698200e+01        4.65904650e-07    0.00   20.76
  132  95259.58        3.97164600e+01        6.44652150e-07    0.00   20.76
  133  95259.85        4.00294400e+01        8.16767950e-07    0.00   20.76
  134  95260.09        4.03102300e+01        9.93718150e-07    0.00   20.76
  135  95260.48        4.06339400e+01        1.32555385e-06    0.00   21.19
  136  95260.73        4.09283900e+01        1.53894765e-06    0.00   21.19
  137  95260.98        4.12137000e+01        1.73405765e-06    0.00   21.19
  138  95261.23        4.14761200e+01        2.04587415e-06    0.00   21.19
  139  95261.49        4.18303000e+01        2.52125335e-06    0.00   20.96
  140  95261.75        4.21375900e+01        3.83322555e-06    0.00   20.96
  141  95261.99        4.23906000e+01        3.93542895e-06    0.00   20.96
  142  95262.30        4.27398900e+01        5.28700575e-06    0.00   20.88
  143  95262.61        4.30482500e+01        6.52671035e-06    0.00   20.88
  144  95262.86        4.33167600e+01        7.59708825e-06    0.00   20.88
  145  95263.10        4.35960200e+01        7.85547875e-06    0.00   20.88
  146  95263.51        4.39390500e+01        1.07519449e-05    0.00   21.22
  147  95263.77        4.42190800e+01        1.31166307e-05    0.00   21.22
  148  95264.03        4.44888700e+01        1.46168332e-05    0.00   21.22
  149  95264.42        4.47977900e+01        1.71994374e-05    0.00   20.95
  150  95264.66        4.51388800e+01        2.16226356e-05    0.00   20.95