# Ic = 38.26 A, n = 29.04 , Tavg = 0.00 K, Anneal175_00K___3600s
#idx    t_s     iHTS_A                vHTS_V                tHTS_K  tTAR_K
    0  94959.90        8.48287300e-02        3.17643500e-08    0.00   21.18
    1  94960.15        3.86949000e-01        1.84387500e-08    0.00   20.81
    2  94960.40        6.37048500e-01       -2.78950000e-10    0.00   20.81
    3  94960.65        9.26014400e-01       -6.35285000e-09    0.00   20.81
    4  94960.93        1.29315500e+00       -2.82935500e-08    0.00   21.26
    5  94961.21        1.54159400e+00       -1.03195500e-08    0.00   21.26
    6  94961.45        1.84578700e+00       -3.71565500e-08    0.00   21.26
    7  94961.71        2.14906600e+00       -1.27055000e-09    0.00   21.26
    8  94961.96        2.49129000e+00        1.57117500e-08    0.00   20.83
    9  94962.22        2.72928700e+00       -3.49252500e-08    0.00   20.83
   10  94962.47        3.05873300e+00       -4.08132500e-08    0.00   20.83
   11  94962.74        3.39515500e+00       -2.50086500e-08    0.00   20.83
   12  94963.02        3.68385100e+00       -1.08773500e-08    0.00   21.03
   13  94963.27        3.96712700e+00       -4.05965000e-09    0.00   21.03
   14  94963.51        4.26741100e+00       -4.00075500e-08    0.00   21.03
   15  94963.81        4.61996200e+00       -3.12685500e-08    0.00   21.18
   16  94964.16        4.89118900e+00       -4.26160500e-08    0.00   21.18
   17  94964.41        5.16609800e+00       -3.97066500e-08    0.00   21.18
   18  94964.66        5.47930900e+00       -4.44790500e-08    0.00   21.18
   19  94965.01        5.79858700e+00       -6.03456500e-08    0.00   20.82
   20  94965.26        6.08804800e+00       -5.10488500e-08    0.00   20.82
   21  94965.51        6.36960200e+00       -7.08201500e-08    0.00   20.82
   22  94965.79        6.74509900e+00       -7.53446500e-08    0.00   20.82
   23  94966.06        7.01127300e+00       -6.24529500e-08    0.00   21.27
   24  94966.31        7.29683300e+00       -7.57784500e-08    0.00   21.27
   25  94966.57        7.58893300e+00       -6.54279500e-08    0.00   21.27
   26  94966.84        7.92124400e+00       -8.09227500e-08    0.00   20.87
   27  94967.10        8.23791600e+00       -7.62743500e-08    0.00   20.87
   28  94967.35        8.50453300e+00       -9.72232500e-08    0.00   20.87
   29  94967.60        8.80169100e+00       -1.16188850e-07    0.00   20.87
   30  94967.86        9.11979300e+00       -9.88966500e-08    0.00   21.04
   31  94968.10        9.43469500e+00       -1.26787350e-07    0.00   21.04
   32  94968.35        9.67741600e+00       -9.86487500e-08    0.00   21.04
   33  94968.59        9.97740000e+00       -7.75758500e-08    0.00   21.04
   34  94968.95        1.03191200e+01       -9.57977500e-08    0.00   21.18
   35  94969.21        1.05914000e+01       -1.19783650e-07    0.00   21.18
   36  94969.46        1.08947000e+01       -1.13461750e-07    0.00   21.18
   37  94969.70        1.11723000e+01       -1.26105550e-07    0.00   21.18
   38  94970.12        1.15075300e+01       -1.24800450e-07    0.00   21.12
   39  94970.38        1.17769800e+01       -1.13826650e-07    0.00   21.12
   40  94970.63        1.20524600e+01       -1.27028250e-07    0.00   21.12
   41  94970.94        1.23923100e+01       -1.36511050e-07    0.00   21.26
   42  94971.20        1.26696800e+01       -1.45807950e-07    0.00   21.26
   43  94971.44        1.29745000e+01       -1.54113150e-07    0.00   21.26
   44  94971.69        1.32279500e+01       -1.23185550e-07    0.00   21.26
   45  94972.04        1.35896500e+01       -1.21016250e-07    0.00   20.87
   46  94972.30        1.38722400e+01       -1.36944850e-07    0.00   20.87
   47  94972.54        1.41343200e+01       -1.51943850e-07    0.00   20.87
   48  94972.85        1.44896400e+01       -1.65331350e-07    0.00   21.05
   49  94973.11        1.47709300e+01       -1.97188650e-07    0.00   21.05
   50  94973.35        1.50655600e+01       -1.57521950e-07    0.00   21.05
   51  94973.60        1.53386500e+01       -1.58203750e-07    0.00   21.05
   52  94974.02        1.56886500e+01       -1.65331350e-07    0.00   21.17
   53  94974.29        1.59652600e+01       -1.95639150e-07    0.00   21.17
   54  94974.53        1.62416000e+01       -1.73078750e-07    0.00   21.17
   55  94974.88        1.65953800e+01       -1.97932350e-07    0.00   20.82
   56  94975.16        1.68940900e+01       -2.04254250e-07    0.00   20.82
   57  94975.41        1.71719200e+01       -1.72706850e-07    0.00   20.82
   58  94975.65        1.74498100e+01       -1.62232850e-07    0.00   20.82
   59  94976.00        1.77979100e+01       -1.59445750e-07    0.00   21.11
   60  94976.28        1.80779300e+01       -1.66265750e-07    0.00   21.11
   61  94976.53        1.83382100e+01       -1.65398050e-07    0.00   21.11
   62  94976.84        1.87065400e+01       -1.56720950e-07    0.00   20.86
   63  94977.11        1.89794300e+01       -1.46866350e-07    0.00   20.86
   64  94977.36        1.92547000e+01       -1.71657950e-07    0.00   20.86
   65  94977.61        1.95558900e+01       -2.02337650e-07    0.00   20.86
   66  94977.97        1.99018300e+01       -2.38285550e-07    0.00   21.05
   67  94978.25        2.01978400e+01       -2.04506950e-07    0.00   21.05
   68  94978.49        2.04550200e+01       -2.25765750e-07    0.00   21.05
   69  94978.75        2.08038600e+01       -2.09837150e-07    0.00   21.05
   70  94979.01        2.11061800e+01       -1.80397050e-07    0.00   21.17
   71  94979.26        2.13558500e+01       -1.88702250e-07    0.00   21.17
   72  94979.51        2.16592800e+01       -1.91739250e-07    0.00   21.17
   73  94979.86        2.19867800e+01       -1.99858450e-07    0.00   21.17
   74  94980.14        2.23131500e+01       -2.37727750e-07    0.00   21.12
   75  94980.39        2.25615900e+01       -2.68965250e-07    0.00   21.12
   76  94980.63        2.28469400e+01       -2.89170450e-07    0.00   21.12
   77  94980.89        2.32090200e+01       -2.38223550e-07    0.00   21.26
   78  94981.14        2.34673800e+01       -2.30166250e-07    0.00   21.26
   79  94981.38        2.37672200e+01       -2.85203750e-07    0.00   21.26
   80  94981.63        2.40519600e+01       -2.75598050e-07    0.00   21.26
   81  94981.97        2.44127600e+01       -2.43929450e-07    0.00   20.85
   82  94982.23        2.46950600e+01       -2.48765350e-07    0.00   20.85
   83  94982.49        2.49488200e+01       -2.44860750e-07    0.00   20.85
   84  94982.75        2.53236500e+01       -2.65189850e-07    0.00   20.85
   85  94983.01        2.55840700e+01       -2.65933650e-07    0.00   21.06
   86  94983.26        2.58645200e+01       -2.40460150e-07    0.00   21.06
   87  94983.51        2.61649000e+01       -2.58620050e-07    0.00   21.06
   88  94983.81        2.65145900e+01       -2.51492450e-07    0.00   21.16
   89  94984.18        2.67769700e+01       -2.95621650e-07    0.00   21.16
   90  94984.44        2.70512100e+01       -2.85147150e-07    0.00   21.16
   91  94984.69        2.73617200e+01       -2.77337750e-07    0.00   21.16
   92  94985.00        2.76710100e+01       -2.59983650e-07    0.00   20.82
   93  94985.27        2.79577700e+01       -2.52670050e-07    0.00   20.82
   94  94985.51        2.82615200e+01       -2.80374750e-07    0.00   20.82
   95  94985.79        2.85881800e+01       -2.89671650e-07    0.00   20.82
   96  94986.16        2.88906000e+01       -3.14773150e-07    0.00   21.26
   97  94986.40        2.91615400e+01       -3.19669450e-07    0.00   21.26
   98  94986.65        2.94447300e+01       -3.19359650e-07    0.00   21.26
   99  94986.91        2.97881200e+01       -3.15268950e-07    0.00   20.85
  100  94987.25        3.00844700e+01       -3.54501750e-07    0.00   20.85
  101  94987.49        3.03704700e+01       -3.15453850e-07    0.00   20.85
  102  94987.76        3.07380100e+01       -3.18364750e-07    0.00   20.85
  103  94988.09        3.09988600e+01       -3.14581850e-07    0.00   21.06
  104  94988.33        3.12835800e+01       -2.96855850e-07    0.00   21.06
  105  94988.59        3.15897000e+01       -3.04789150e-07    0.00   21.06
  106  94988.87        3.19193200e+01       -3.35220950e-07    0.00   21.16
  107  94989.16        3.22062700e+01       -3.39931350e-07    0.00   21.16
  108  94989.41        3.24868300e+01       -3.06462650e-07    0.00   21.16
  109  94989.65        3.27956200e+01       -3.22515250e-07    0.00   21.16
  110  94990.02        3.31095800e+01       -3.45509450e-07    0.00   21.16
  111  94990.30        3.33899400e+01       -3.49476150e-07    0.00   20.82
  112  94990.56        3.36947600e+01       -3.61933950e-07    0.00   20.82
  113  94990.91        3.40116900e+01       -3.63545350e-07    0.00   21.26
  114  94991.19        3.42854800e+01       -3.48732350e-07    0.00   21.26
  115  94991.44        3.45888200e+01       -3.43278250e-07    0.00   21.26
  116  94991.68        3.48747300e+01       -3.08941750e-07    0.00   21.26
  117  94992.07        3.52210600e+01       -3.10801150e-07    0.00   20.85
  118  94992.32        3.54923200e+01       -3.04107350e-07    0.00   20.85
  119  94992.56        3.57951100e+01       -2.93323050e-07    0.00   20.85
  120  94992.84        3.61321900e+01       -2.58180850e-07    0.00   21.07
  121  94993.10        3.64381100e+01       -2.84955850e-07    0.00   21.07
  122  94993.34        3.67009500e+01       -2.40951250e-07    0.00   21.07
  123  94993.58        3.70236700e+01       -1.83127050e-07    0.00   21.07
  124  94993.94        3.73403000e+01       -1.80216450e-07    0.00   21.07
  125  94994.20        3.76053300e+01       -1.37079550e-07    0.00   21.15
  126  94994.44        3.79124500e+01       -5.18582500e-08    0.00   21.15
  127  94994.69        3.81975000e+01       -1.62822500e-08    0.00   21.15
  128  94994.98        3.85380000e+01        5.90223500e-08    0.00   20.82
  129  94995.25        3.88277100e+01        1.77154550e-07    0.00   20.82
  130  94995.51        3.91144800e+01        2.50103950e-07    0.00   20.82
  131  94995.80        3.93950700e+01        3.50634050e-07    0.00   20.82
  132  94996.06        3.97217500e+01        4.55812650e-07    0.00   21.26
  133  94996.32        4.00206200e+01        6.39332750e-07    0.00   21.26
  134  94996.56        4.02750200e+01        8.28245150e-07    0.00   21.26
  135  94996.89        4.06204100e+01        1.07064545e-06    0.00   20.84
  136  94997.14        4.08910300e+01        1.40620035e-06    0.00   20.84
  137  94997.40        4.11896200e+01        1.68033395e-06    0.00   20.84
  138  94997.65        4.14694100e+01        2.01006285e-06    0.00   20.84
  139  94997.95        4.18087500e+01        2.44608595e-06    0.00   21.07
  140  94998.22        4.20991400e+01        3.78093005e-06    0.00   21.07
  141  94998.48        4.23678100e+01        3.90079765e-06    0.00   21.07
  142  94998.72        4.26884800e+01        5.11056795e-06    0.00   21.07
  143  94999.02        4.29695700e+01        6.31581385e-06    0.00   21.15
  144  94999.31        4.33005600e+01        7.77728145e-06    0.00   21.15
  145  94999.55        4.35753200e+01        8.88069645e-06    0.00   21.15
  146  94999.84        4.38866700e+01        1.02713839e-05    0.00   21.15
  147  95000.16        4.42140700e+01        1.28846093e-05    0.00   20.83
  148  95000.41        4.44599500e+01        1.55347122e-05    0.00   20.83
  149  95000.66        4.47479200e+01        1.80232974e-05    0.00   20.83
  150  95000.94        4.51127000e+01        2.24478623e-05    0.00   21.27