# Ic = 38.66 A, n = 28.06 , Tavg = 0.00 K, Anneal223_00K___3600s
#idx    t_s     iHTS_A                vHTS_V                tHTS_K  tTAR_K
    0  242444.77        7.01782600e-02        4.42777800e-08    0.00   20.83
    1  242445.02        3.73948500e-01        8.07833800e-08    0.00   20.83
    2  242445.46        6.88167700e-01        3.68402800e-08    0.00   21.09
    3  242445.71        9.66403700e-01        2.14694800e-08    0.00   21.09
    4  242445.95        1.27009400e+00        5.14673800e-08    0.00   21.09
    5  242446.19        1.54853300e+00        3.31199800e-08    0.00   21.09
    6  242446.44        1.89108700e+00        3.03906800e-08    0.00   21.12
    7  242446.68        2.17258100e+00        6.83201800e-08    0.00   21.12
    8  242446.93        2.47612100e+00        2.58645800e-08    0.00   21.12
    9  242447.18        2.76432600e+00        5.13998800e-08    0.00   21.12
   10  242447.55        3.11159200e+00        6.01389800e-08    0.00   20.81
   11  242447.79        3.38647300e+00        1.56888000e-09    0.00   20.81
   12  242448.04        3.66573400e+00        3.28061800e-08    0.00   20.81
   13  242448.37        4.03414100e+00        5.10280800e-08    0.00   20.81
   14  242448.64        4.31762200e+00       -1.16946200e-08    0.00   21.27
   15  242448.88        4.59455700e+00        9.99798000e-09    0.00   21.27
   16  242449.13        4.87650500e+00       -6.86032000e-09    0.00   21.27
   17  242449.49        5.21992800e+00        4.97768000e-09    0.00   20.83
   18  242449.74        5.53554800e+00        6.62748800e-08    0.00   20.83
   19  242449.99        5.78285600e+00        5.05941800e-08    0.00   20.83
   20  242450.24        6.15943300e+00       -9.10320000e-10    0.00   20.83
   21  242450.53        6.44319300e+00        3.95618800e-08    0.00   21.09
   22  242450.78        6.72032200e+00       -3.82332000e-09    0.00   21.09
   23  242451.03        6.99468700e+00       -1.95040200e-08    0.00   21.09
   24  242451.31        7.36404000e+00        2.25176800e-08    0.00   21.09
   25  242451.57        7.65436100e+00        3.18028000e-09    0.00   21.12
   26  242451.81        7.90400900e+00        9.87398000e-09    0.00   21.12
   27  242452.06        8.18727000e+00       -5.80502000e-09    0.00   21.12
   28  242452.33        8.57001100e+00       -2.08627200e-08    0.00   20.82
   29  242452.63        8.85787400e+00        2.89095800e-08    0.00   20.82
   30  242452.88        9.09830800e+00       -8.64972000e-09    0.00   20.82
   31  242453.12        9.40657400e+00       -4.25522200e-08    0.00   20.82
   32  242453.47        9.74355800e+00       -5.55072000e-09    0.00   21.26
   33  242453.71        9.99535500e+00       -2.43924200e-08    0.00   21.26
   34  242453.96        1.03030200e+01       -3.78418200e-08    0.00   21.26
   35  242454.20        1.06013700e+01       -5.36482000e-09    0.00   21.26
   36  242454.56        1.09493400e+01       -2.24710200e-08    0.00   20.83
   37  242454.82        1.11889100e+01       -4.00730200e-08    0.00   20.83
   38  242455.06        1.14905600e+01       -2.45163200e-08    0.00   20.83
   39  242455.37        1.18542500e+01       -6.52365200e-08    0.00   21.08
   40  242455.63        1.20990600e+01       -6.10839200e-08    0.00   21.08
   41  242455.89        1.23783100e+01       -2.20392000e-09    0.00   21.08
   42  242456.13        1.26835100e+01       -4.93699200e-08    0.00   21.08
   43  242456.46        1.30224300e+01       -2.43924200e-08    0.00   21.12
   44  242456.72        1.32737400e+01       -6.17052000e-09    0.00   21.12
   45  242456.96        1.35695700e+01       -7.03808200e-08    0.00   21.12
   46  242457.21        1.38756500e+01       -3.08382200e-08    0.00   21.12
   47  242457.54        1.41892200e+01       -2.92267200e-08    0.00   20.81
   48  242457.81        1.44705700e+01       -8.42021200e-08    0.00   20.81
   49  242458.05        1.47746800e+01       -9.88339200e-08    0.00   20.81
   50  242458.33        1.51365200e+01       -7.62164200e-08    0.00   21.26
   51  242458.64        1.53867300e+01       -4.29981200e-08    0.00   21.26
   52  242458.88        1.56666600e+01       -1.47232000e-09    0.00   21.26
   53  242459.13        1.59716100e+01       -2.21732200e-08    0.00   21.26
   54  242459.46        1.62882100e+01       -6.68600200e-08    0.00   20.82
   55  242459.71        1.65684600e+01       -1.19467200e-08    0.00   20.82
   56  242459.95        1.68719100e+01       -1.96321200e-08    0.00   20.82
   57  242460.19        1.71883600e+01       -7.10126200e-08    0.00   20.82
   58  242460.52        1.75036300e+01       -4.10148200e-08    0.00   21.09
   59  242460.78        1.77788600e+01       -4.37419200e-08    0.00   21.09
   60  242461.02        1.80876500e+01       -9.78495200e-08    0.00   21.09
   61  242461.31        1.84201900e+01       -8.10532200e-08    0.00   21.11
   62  242461.68        1.86822000e+01       -4.00232200e-08    0.00   21.11
   63  242461.93        1.89850300e+01       -7.31199200e-08    0.00   21.11
   64  242462.19        1.92684200e+01       -4.99398200e-08    0.00   21.11
   65  242462.48        1.96018100e+01       -1.00452620e-07    0.00   20.81
   66  242462.73        1.99160200e+01       -1.16691120e-07    0.00   20.81
   67  242462.97        2.01883900e+01       -8.77469200e-08    0.00   20.81
   68  242463.22        2.04691700e+01       -1.23322820e-07    0.00   20.81
   69  242463.53        2.08165300e+01       -8.75610200e-08    0.00   21.25
   70  242463.80        2.10921600e+01       -7.15698200e-08    0.00   21.25
   71  242464.04        2.13672000e+01       -1.16254120e-07    0.00   21.25
   72  242464.46        2.17147100e+01       -1.10239120e-07    0.00   20.82
   73  242464.73        2.20165600e+01       -1.25981720e-07    0.00   20.82
   74  242464.97        2.22870400e+01       -8.48897200e-08    0.00   20.82
   75  242465.22        2.25740200e+01       -1.31249920e-07    0.00   20.82
   76  242465.50        2.29374300e+01       -9.56120200e-08    0.00   21.08
   77  242465.76        2.32104400e+01       -1.35650420e-07    0.00   21.08
   78  242466.01        2.34957400e+01       -1.43583720e-07    0.00   21.08
   79  242466.29        2.38184300e+01       -1.22448920e-07    0.00   21.08
   80  242466.55        2.41321800e+01       -1.50587420e-07    0.00   21.11
   81  242466.80        2.43931200e+01       -1.13771920e-07    0.00   21.11
   82  242467.05        2.46708100e+01       -1.63169120e-07    0.00   21.11
   83  242467.34        2.50251000e+01       -1.73271720e-07    0.00   21.11
   84  242467.63        2.53102900e+01       -1.38377520e-07    0.00   20.80
   85  242467.87        2.55634700e+01       -1.24122320e-07    0.00   20.80
   86  242468.11        2.58592600e+01       -1.67941520e-07    0.00   20.80
   87  242468.36        2.62245800e+01       -1.37571820e-07    0.00   21.25
   88  242468.60        2.65088900e+01       -1.59760220e-07    0.00   21.25
   89  242468.86        2.67597800e+01       -1.13462020e-07    0.00   21.25
   90  242469.11        2.70666900e+01       -1.66949820e-07    0.00   21.25
   91  242469.48        2.74547100e+01       -1.78353920e-07    0.00   20.81
   92  242469.72        2.76719200e+01       -1.37509720e-07    0.00   20.81
   93  242469.97        2.79656100e+01       -1.55173120e-07    0.00   20.81
   94  242470.22        2.82838000e+01       -1.58891320e-07    0.00   20.81
   95  242470.49        2.86120200e+01       -1.42962520e-07    0.00   21.08
   96  242470.81        2.88650100e+01       -1.74819720e-07    0.00   21.08
   97  242471.06        2.92182500e+01       -1.93227520e-07    0.00   21.08
   98  242471.46        2.95172000e+01       -1.46247420e-07    0.00   21.10
   99  242471.76        2.98046200e+01       -1.78538420e-07    0.00   21.10
  100  242472.01        3.00766800e+01       -2.12874820e-07    0.00   21.10
  101  242472.30        3.04378800e+01       -2.28803420e-07    0.00   21.10
  102  242472.57        3.07340500e+01       -2.22915420e-07    0.00   20.80
  103  242472.83        3.09687500e+01       -2.16283620e-07    0.00   20.80
  104  242473.08        3.12774200e+01       -1.76493120e-07    0.00   20.80
  105  242473.42        3.16611500e+01       -1.41970920e-07    0.00   21.24
  106  242473.73        3.19126800e+01       -1.78972320e-07    0.00   21.24
  107  242473.97        3.21961900e+01       -2.37046620e-07    0.00   21.24
  108  242474.22        3.25155800e+01       -2.04569620e-07    0.00   21.24
  109  242474.54        3.28484000e+01       -2.24836720e-07    0.00   20.81
  110  242474.81        3.30931800e+01       -2.30166920e-07    0.00   20.81
  111  242475.05        3.33780500e+01       -1.94467020e-07    0.00   20.81
  112  242475.35        3.37697600e+01       -2.30104920e-07    0.00   21.07
  113  242475.65        3.40064600e+01       -2.37047320e-07    0.00   21.07
  114  242475.89        3.42956100e+01       -1.98995120e-07    0.00   21.07
  115  242476.15        3.45896800e+01       -2.49759420e-07    0.00   21.07
  116  242476.50        3.49657500e+01       -2.35504320e-07    0.00   21.10
  117  242476.76        3.52070600e+01       -2.02159620e-07    0.00   21.10
  118  242477.01        3.55006900e+01       -2.20567420e-07    0.00   21.10
  119  242477.29        3.58585900e+01       -2.23418420e-07    0.00   21.10
  120  242477.56        3.61947400e+01       -1.76066520e-07    0.00   20.79
  121  242477.85        3.64173800e+01       -1.73525320e-07    0.00   20.79
  122  242478.09        3.67061300e+01       -1.63732720e-07    0.00   20.79
  123  242478.50        3.70199700e+01       -1.27103120e-07    0.00   21.24
  124  242478.76        3.73122000e+01       -1.33487020e-07    0.00   21.24
  125  242479.01        3.76092300e+01       -1.16132920e-07    0.00   21.24
  126  242479.25        3.79374800e+01       -3.95269200e-08    0.00   21.24
  127  242479.57        3.82373500e+01       -2.26066200e-08    0.00   20.80
  128  242479.82        3.85085600e+01        3.23066800e-08    0.00   20.80
  129  242480.06        3.88055700e+01        1.18023480e-07    0.00   20.80
  130  242480.37        3.91848400e+01        1.48145280e-07    0.00   21.08
  131  242480.65        3.94444500e+01        2.62248480e-07    0.00   21.08
  132  242480.89        3.97078200e+01        3.63707980e-07    0.00   21.08
  133  242481.14        4.00060100e+01        4.03250580e-07    0.00   21.08
  134  242481.40        4.03182400e+01        5.73630680e-07    0.00   21.09
  135  242481.70        4.06039700e+01        7.96323280e-07    0.00   21.09
  136  242481.94        4.08887700e+01        9.23382380e-07    0.00   21.09
  137  242482.18        4.11952000e+01        1.18102998e-06    0.00   21.09
  138  242482.52        4.15015000e+01        1.50214298e-06    0.00   20.80
  139  242482.78        4.17630900e+01        1.77689568e-06    0.00   20.80
  140  242483.03        4.20811200e+01        2.10420648e-06    0.00   20.80
  141  242483.35        4.24131300e+01        2.60524438e-06    0.00   21.24
  142  242483.67        4.27021200e+01        3.08923808e-06    0.00   21.24
  143  242483.92        4.29742500e+01        3.81749078e-06    0.00   21.24
  144  242484.16        4.32970400e+01        5.33207038e-06    0.00   21.24
  145  242484.49        4.36248500e+01        6.36600328e-06    0.00   20.81
  146  242484.74        4.39421800e+01        7.68169248e-06    0.00   20.81
  147  242484.99        4.41991000e+01        9.07219028e-06    0.00   20.81
  148  242485.26        4.45597700e+01        1.03316026e-05    0.00   20.81
  149  242485.54        4.48195500e+01        1.21969211e-05    0.00   21.08
  150  242485.79        4.51146300e+01        1.56270222e-05    0.00   21.08
  151  242486.05        4.54079100e+01        1.77898396e-05    0.00   21.08
  152  242486.52        4.57182400e+01        2.09577697e-05    0.00   21.10