# Ic = 38.84 A, n = 26.87 , Tavg = 0.00 K, Anneal286_00K___3600s
#idx    t_s     iHTS_A                vHTS_V                tHTS_K  tTAR_K
    0  463071.85        8.42693100e-02        9.51992000e-09    0.00   21.09
    1  463072.10        3.92144200e-01        1.50980200e-08    0.00   21.09
    2  463072.36        7.37257700e-01        2.22875200e-08    0.00   21.09
    3  463072.63        1.01563700e+00       -1.76018000e-09    0.00   21.11
    4  463072.93        1.33090800e+00        4.39800200e-08    0.00   21.11
    5  463073.17        1.56830800e+00        4.59633200e-08    0.00   21.11
    6  463073.48        1.92862800e+00       -4.30998800e-08    0.00   20.86
    7  463073.73        2.24494300e+00       -2.97125800e-08    0.00   20.86
    8  463073.98        2.49446600e+00       -7.33828000e-09    0.00   20.86
    9  463074.24        2.82135500e+00       -1.29782800e-08    0.00   20.86
   10  463074.54        3.12113400e+00        3.93936200e-08    0.00   21.02
   11  463074.78        3.45596800e+00        1.22469200e-08    0.00   21.02
   12  463075.03        3.68991200e+00        1.54079200e-08    0.00   21.02
   13  463075.30        4.05006800e+00        2.69978200e-08    0.00   21.16
   14  463075.64        4.37380600e+00       -7.71018000e-09    0.00   21.16
   15  463075.90        4.61072500e+00       -3.00843800e-08    0.00   21.16
   16  463076.14        4.89226100e+00        6.41850200e-08    0.00   21.16
   17  463076.50        5.23917700e+00        5.78012200e-08    0.00   20.79
   18  463076.76        5.51438700e+00        2.13578200e-08    0.00   20.79
   19  463077.01        5.79744900e+00        3.56129200e-08    0.00   20.79
   20  463077.27        6.16198600e+00       -7.77208000e-09    0.00   20.79
   21  463077.58        6.45120200e+00       -5.43179800e-08    0.00   21.24
   22  463077.88        6.77816900e+00       -4.26659800e-08    0.00   21.24
   23  463078.12        7.01664600e+00       -2.65515800e-08    0.00   21.24
   24  463078.42        7.38122200e+00       -1.60771800e-08    0.00   20.85
   25  463078.73        7.69900000e+00        2.06141200e-08    0.00   20.85
   26  463078.98        7.91654900e+00        1.32387200e-08    0.00   20.85
   27  463079.23        8.24266600e+00       -1.53334800e-08    0.00   20.85
   28  463079.52        8.56504000e+00        2.09240200e-08    0.00   21.02
   29  463079.78        8.83587200e+00       -5.91268000e-09    0.00   21.02
   30  463080.03        9.11740500e+00        4.43772000e-09    0.00   21.02
   31  463080.32        9.47988600e+00        2.09240200e-08    0.00   21.15
   32  463080.59        9.76676500e+00       -3.39269800e-08    0.00   21.15
   33  463080.84        1.00100100e+01        2.89812200e-08    0.00   21.15
   34  463081.08        1.03172200e+01        5.65617200e-08    0.00   21.15
   35  463081.39        1.06703800e+01       -5.67351800e-08    0.00   20.79
   36  463081.67        1.09595400e+01        1.24949200e-08    0.00   20.79
   37  463081.91        1.12059100e+01        4.91862200e-08    0.00   20.79
   38  463082.15        1.15112000e+01       -3.65920800e-08    0.00   20.79
   39  463082.43        1.18481800e+01        3.31958200e-08    0.00   21.24
   40  463082.68        1.21189700e+01        1.73924200e-08    0.00   21.24
   41  463082.93        1.23877900e+01        5.99302000e-09    0.00   21.24
   42  463083.18        1.26989100e+01        1.47322000e-09    0.00   21.24
   43  463083.51        1.30659200e+01       -3.36053800e-08    0.00   20.84
   44  463083.78        1.33398400e+01       -1.86685800e-08    0.00   20.84
   45  463084.03        1.35957400e+01        2.15622000e-09    0.00   20.84
   46  463084.32        1.39523800e+01       -7.55648800e-08    0.00   20.84
   47  463084.58        1.42090700e+01       -5.58556800e-08    0.00   21.02
   48  463084.86        1.44829800e+01       -2.46804800e-08    0.00   21.02
   49  463085.12        1.47886600e+01       -6.74456800e-08    0.00   21.02
   50  463085.44        1.51410500e+01       -2.69736800e-08    0.00   21.14
   51  463085.72        1.54348600e+01       -1.67472800e-08    0.00   21.14
   52  463085.96        1.56822100e+01       -6.37269800e-08    0.00   21.14
   53  463086.20        1.59937200e+01        1.15769200e-08    0.00   21.14
   54  463086.50        1.63058800e+01        2.78773200e-08    0.00   20.78
   55  463086.76        1.65830000e+01       -4.27782800e-08    0.00   20.78
   56  463087.00        1.68946500e+01       -2.88950800e-08    0.00   20.78
   57  463087.24        1.72608700e+01       -3.67663800e-08    0.00   20.78
   58  463087.49        1.75237100e+01       -5.20130800e-08    0.00   21.24
   59  463087.75        1.77893500e+01       -2.35648800e-08    0.00   21.24
   60  463088.01        1.81038400e+01       -6.84373800e-08    0.00   21.24
   61  463088.25        1.84401300e+01       -5.34318000e-09    0.00   21.24
   62  463088.53        1.87768000e+01        1.15149200e-08    0.00   20.84
   63  463088.77        1.90053600e+01       -4.47668000e-09    0.00   20.84
   64  463089.02        1.92801100e+01        2.83552000e-09    0.00   20.84
   65  463089.27        1.96020800e+01       -1.66882800e-08    0.00   20.84
   66  463089.61        1.99268400e+01       -7.39148000e-09    0.00   21.03
   67  463089.87        2.02036900e+01        6.05782000e-09    0.00   21.03
   68  463090.11        2.04842700e+01       -5.28837800e-08    0.00   21.03
   69  463090.39        2.08548200e+01       -4.02401800e-08    0.00   21.13
   70  463090.67        2.11294200e+01       -3.37943800e-08    0.00   21.13
   71  463090.92        2.13817100e+01       -6.13128800e-08    0.00   21.13
   72  463091.16        2.16916300e+01        2.43415200e-08    0.00   21.13
   73  463091.56        2.19930100e+01        1.39911200e-08    0.00   20.78
   74  463091.83        2.23695400e+01       -2.18324800e-08    0.00   20.78
   75  463092.07        2.25915900e+01        6.18182000e-09    0.00   20.78
   76  463092.36        2.29563300e+01       -3.36288000e-09    0.00   21.24
   77  463092.66        2.32864700e+01       -4.87311800e-08    0.00   21.24
   78  463092.92        2.34896300e+01       -9.16823800e-08    0.00   21.24
   79  463093.17        2.37996100e+01       -4.74916800e-08    0.00   21.24
   80  463093.42        2.41516900e+01       -5.05285800e-08    0.00   20.83
   81  463093.69        2.44267000e+01        5.93392000e-09    0.00   20.83
   82  463093.94        2.46945400e+01       -3.59016800e-08    0.00   20.83
   83  463094.18        2.49940400e+01       -5.17681800e-08    0.00   20.83
   84  463094.52        2.53364200e+01       -8.69368000e-09    0.00   21.03
   85  463094.77        2.56415700e+01       -7.27108000e-09    0.00   21.03
   86  463095.01        2.58929700e+01       -3.51638800e-08    0.00   21.03
   87  463095.32        2.62520200e+01        4.31652000e-09    0.00   21.13
   88  463095.59        2.65354800e+01       -1.08062800e-08    0.00   21.13
   89  463095.87        2.68369300e+01       -5.18980800e-08    0.00   21.13
   90  463096.11        2.70906500e+01       -1.74999800e-08    0.00   21.13
   91  463096.41        2.74590400e+01       -7.45202800e-08    0.00   20.78
   92  463096.67        2.77042000e+01       -8.77216800e-08    0.00   20.78
   93  463096.92        2.79817300e+01       -9.19361800e-08    0.00   20.78
   94  463097.16        2.82942500e+01       -1.25404680e-07    0.00   20.78
   95  463097.55        2.86302900e+01       -3.40481800e-08    0.00   21.24
   96  463097.79        2.88872100e+01        3.82072000e-09    0.00   21.24
   97  463098.04        2.91934700e+01       -7.58837800e-08    0.00   21.24
   98  463098.32        2.95486200e+01       -2.63628800e-08    0.00   20.82
   99  463098.64        2.98171200e+01       -1.94212800e-08    0.00   20.82
  100  463098.89        3.00993600e+01       -4.52043800e-08    0.00   20.82
  101  463099.13        3.04007000e+01       -1.47728800e-08    0.00   20.82
  102  463099.50        3.07116900e+01       -4.37168800e-08    0.00   21.04
  103  463099.77        3.10552700e+01       -3.59695800e-08    0.00   21.04
  104  463100.03        3.13062400e+01       -9.93858000e-09    0.00   21.04
  105  463100.30        3.16796100e+01       -2.98956800e-08    0.00   21.12
  106  463100.60        3.19383300e+01       -9.30433800e-08    0.00   21.12
  107  463100.87        3.22145600e+01       -1.18694080e-07    0.00   21.12
  108  463101.12        3.25201600e+01       -7.38835800e-08    0.00   21.12
  109  463101.49        3.28632800e+01       -3.26678800e-08    0.00   20.78
  110  463101.73        3.31145000e+01       -9.76833800e-08    0.00   20.78
  111  463101.98        3.34229600e+01       -3.60766800e-08    0.00   20.78
  112  463102.22        3.37392900e+01       -7.84700800e-08    0.00   20.78
  113  463102.53        3.40363800e+01       -7.04128800e-08    0.00   21.24
  114  463102.80        3.43791400e+01       -4.87822800e-08    0.00   21.24
  115  463103.04        3.46198000e+01       -6.86154800e-08    0.00   21.24
  116  463103.29        3.49902300e+01       -3.60766800e-08    0.00   20.81
  117  463103.54        3.52446600e+01       -8.00814800e-08    0.00   20.81
  118  463103.79        3.55267700e+01       -1.06112480e-07    0.00   20.81
  119  463104.04        3.58357400e+01       -5.50421800e-08    0.00   20.81
  120  463104.32        3.61689100e+01       -3.01267800e-08    0.00   20.81
  121  463104.57        3.64615900e+01       -1.10373800e-08    0.00   21.04
  122  463104.83        3.67453700e+01       -2.53180000e-10    0.00   21.04
  123  463105.07        3.70515200e+01        1.33821200e-08    0.00   21.04
  124  463105.34        3.73911900e+01        9.99041200e-08    0.00   21.11
  125  463105.66        3.76715800e+01        7.56705200e-08    0.00   21.11
  126  463105.90        3.79440600e+01        3.37111200e-08    0.00   21.11
  127  463106.16        3.82263300e+01        1.49239120e-07    0.00   21.11
  128  463106.44        3.85824300e+01        1.90394420e-07    0.00   20.78
  129  463106.72        3.88435200e+01        1.69571720e-07    0.00   20.78
  130  463106.98        3.91424300e+01        2.43202620e-07    0.00   20.78
  131  463107.22        3.94257500e+01        2.66940420e-07    0.00   20.78
  132  463107.55        3.97523700e+01        3.69638820e-07    0.00   21.24
  133  463107.80        4.00222400e+01        5.44356220e-07    0.00   21.24
  134  463108.04        4.02990800e+01        5.70077320e-07    0.00   21.24
  135  463108.32        4.06601000e+01        7.21986620e-07    0.00   21.24
  136  463108.59        4.09383000e+01        8.76003220e-07    0.00   20.81
  137  463108.84        4.12171500e+01        9.83907820e-07    0.00   20.81
  138  463109.08        4.15468800e+01        1.19624622e-06    0.00   20.81
  139  463109.35        4.18419000e+01        1.40195292e-06    0.00   21.05
  140  463109.66        4.21806600e+01        1.72151422e-06    0.00   21.05
  141  463109.90        4.24381900e+01        2.09481082e-06    0.00   21.05
  142  463110.15        4.27007700e+01        2.38604782e-06    0.00   21.05
  143  463110.47        4.30540900e+01        3.57355622e-06    0.00   21.11
  144  463110.72        4.33247300e+01        3.79221642e-06    0.00   21.11
  145  463110.96        4.36014700e+01        4.17022332e-06    0.00   21.11
  146  463111.20        4.39074000e+01        5.72805332e-06    0.00   21.11
  147  463111.52        4.42352400e+01        6.99458432e-06    0.00   20.79
  148  463111.76        4.44932600e+01        7.28985002e-06    0.00   20.79
  149  463112.01        4.48057300e+01        9.57289062e-06    0.00   20.79
  150  463112.25        4.51109300e+01        1.11086564e-05    0.00   20.79
  151  463112.61        4.54710200e+01        1.34856564e-05    0.00   21.24
  152  463112.86        4.57009800e+01        1.61463940e-05    0.00   21.24
  153  463113.11        4.60142200e+01        1.91938776e-05    0.00   21.24
  154  463113.47        4.63623700e+01        2.33256909e-05    0.00   20.81