# Ic = 37.30 A, n = 24.85 , Tavg = 0.00 K, 21KAfter142KAnneal
#idx    t_s     iHTS_A                vHTS_V                tHTS_K  tTAR_K
    0  28383.09        7.28282400e-02        1.01088400e-08    0.00   21.19
    1  28383.33        3.63597800e-01        2.30624400e-08    0.00   21.19
    2  28383.67        6.91457600e-01        9.67494000e-09    0.00   21.24
    3  28383.93        9.70539300e-01       -3.48880600e-08    0.00   21.24
    4  28384.18        1.27431600e+00       -3.40823600e-08    0.00   21.24
    5  28384.48        1.58587000e+00        1.21541400e-08    0.00   21.35
    6  28384.75        1.89539600e+00        4.76681400e-08    0.00   21.35
    7  28384.99        2.14904300e+00        5.83224000e-09    0.00   21.35
    8  28385.24        2.45849200e+00        2.55416400e-08    0.00   21.35
    9  28385.49        2.80459800e+00       -1.90213600e-08    0.00   20.88
   10  28385.77        3.10601500e+00        1.84759400e-08    0.00   20.88
   11  28386.01        3.38663800e+00        4.54988400e-08    0.00   20.88
   12  28386.25        3.64494200e+00        5.05209400e-08    0.00   20.88
   13  28386.63        4.01188800e+00        1.72426400e-08    0.00   20.88
   14  28386.88        4.30538800e+00        1.44562400e-08    0.00   21.18
   15  28387.12        4.59716100e+00       -1.84426000e-09    0.00   21.18
   16  28387.39        4.87443300e+00        1.28447400e-08    0.00   21.18
   17  28387.66        5.21848200e+00        2.54885400e-08    0.00   21.20
   18  28387.91        5.50720900e+00        2.74214000e-09    0.00   21.20
   19  28388.16        5.78626600e+00        3.70786400e-08    0.00   21.20
   20  28388.44        6.13927400e+00       -1.03354600e-08    0.00   21.20
   21  28388.72        6.44179900e+00        1.37744400e-08    0.00   20.89
   22  28388.97        6.72246500e+00        4.66354000e-09    0.00   20.89
   23  28389.21        6.99741400e+00       -2.21114600e-08    0.00   20.89
   24  28389.52        7.32233900e+00       -1.59755600e-08    0.00   20.89
   25  28389.83        7.65890500e+00        1.97864400e-08    0.00   21.35
   26  28390.09        7.89965600e+00       -8.90996000e-09    0.00   21.35
   27  28390.33        8.18797300e+00        1.49520400e-08    0.00   21.35
   28  28390.65        8.55429800e+00        3.98057400e-08    0.00   20.88
   29  28390.90        8.83581600e+00        1.94765400e-08    0.00   20.88
   30  28391.15        9.09892000e+00        9.93174000e-09    0.00   20.88
   31  28391.47        9.44093300e+00        3.57770400e-08    0.00   20.88
   32  28391.79        9.74795800e+00        3.59630400e-08    0.00   21.34
   33  28392.03        9.99174800e+00        1.56958400e-08    0.00   21.34
   34  28392.28        1.02816600e+01       -1.14490600e-08    0.00   21.34
   35  28392.59        1.06413200e+01        1.72499400e-08    0.00   21.19
   36  28392.85        1.09144100e+01        3.19394400e-08    0.00   21.19
   37  28393.09        1.12152000e+01       -2.04329600e-08    0.00   21.19
   38  28393.33        1.14671200e+01       -2.21063600e-08    0.00   21.19
   39  28393.66        1.18292200e+01        1.44574000e-09    0.00   21.24
   40  28393.91        1.20767200e+01       -3.04115600e-08    0.00   21.24
   41  28394.16        1.23680400e+01       -3.58037600e-08    0.00   21.24
   42  28394.49        1.26860200e+01       -2.64486000e-09    0.00   21.34
   43  28394.79        1.30266400e+01       -6.36366000e-09    0.00   21.34
   44  28395.04        1.32676400e+01        3.36704000e-09    0.00   21.34
   45  28395.29        1.35534000e+01        2.21467400e-08    0.00   21.34
   46  28395.66        1.39143300e+01        3.80754400e-08    0.00   20.88
   47  28395.90        1.41741200e+01        2.44400400e-08    0.00   20.88
   48  28396.15        1.44640200e+01       -5.99176000e-09    0.00   20.88
   49  28396.42        1.48272100e+01       -6.73556000e-09    0.00   20.88
   50  28396.74        1.51087700e+01       -1.83876600e-08    0.00   21.17
   51  28396.99        1.53459400e+01        1.07384000e-09    0.00   21.17
   52  28397.23        1.56682900e+01        1.91098400e-08    0.00   21.17
   53  28397.59        1.60154800e+01        5.53634000e-09    0.00   21.19
   54  28397.85        1.62607700e+01        1.75603400e-08    0.00   21.19
   55  28398.10        1.65670900e+01        3.58424400e-08    0.00   21.19
   56  28398.35        1.68725700e+01        2.69771400e-08    0.00   21.19
   57  28398.73        1.72212700e+01        3.39791400e-08    0.00   20.88
   58  28398.98        1.74710700e+01        2.49301400e-08    0.00   20.88
   59  28399.22        1.77780600e+01       -4.69586000e-09    0.00   20.88
   60  28399.56        1.81232800e+01        1.58812400e-08    0.00   20.88
   61  28399.81        1.83763700e+01        4.01770400e-08    0.00   21.34
   62  28400.05        1.86768100e+01        3.06322400e-08    0.00   21.34
   63  28400.30        1.89646500e+01        3.83796400e-08    0.00   21.34
   64  28400.59        1.93035500e+01        3.11280400e-08    0.00   20.87
   65  28400.84        1.95788400e+01        8.81554000e-09    0.00   20.87
   66  28401.09        1.98843300e+01        3.08181400e-08    0.00   20.87
   67  28401.33        2.01921700e+01        3.28635400e-08    0.00   20.87
   68  28401.64        2.05010700e+01        2.07775400e-08    0.00   21.17
   69  28401.89        2.08251600e+01        1.07989400e-08    0.00   21.17
   70  28402.15        2.10809800e+01        2.08395400e-08    0.00   21.17
   71  28402.44        2.14274400e+01        4.69327400e-08    0.00   21.17
   72  28402.74        2.17108000e+01        5.97004400e-08    0.00   21.18
   73  28403.02        2.19876600e+01        2.30088400e-08    0.00   21.18
   74  28403.26        2.22930500e+01        2.31327400e-08    0.00   21.18
   75  28403.52        2.26059100e+01        2.67275400e-08    0.00   20.88
   76  28403.82        2.29165900e+01       -1.53496000e-09    0.00   20.88
   77  28404.07        2.31909400e+01        2.03415400e-08    0.00   20.88
   78  28404.31        2.34737100e+01        3.93049400e-08    0.00   20.88
   79  28404.55        2.38203000e+01        1.53799400e-08    0.00   21.11
   80  28404.80        2.41149700e+01        2.86434400e-08    0.00   21.11
   81  28405.04        2.43929700e+01        2.57040000e-10    0.00   21.11
   82  28405.30        2.46736300e+01        1.59997400e-08    0.00   21.11
   83  28405.66        2.50169300e+01        5.15137400e-08    0.00   20.87
   84  28405.90        2.53078600e+01        4.89726400e-08    0.00   20.87
   85  28406.15        2.55703500e+01        2.76518400e-08    0.00   20.87
   86  28406.41        2.59264900e+01        8.06644000e-09    0.00   20.87
   87  28406.70        2.62171600e+01        7.94244000e-09    0.00   21.16
   88  28406.94        2.64926900e+01        3.03789400e-08    0.00   21.16
   89  28407.19        2.67650300e+01        1.34586400e-08    0.00   21.16
   90  28407.58        2.71398000e+01        5.84554400e-08    0.00   21.16
   91  28407.84        2.74232000e+01        4.67414400e-08    0.00   21.19
   92  28408.09        2.76631800e+01        3.49653400e-08    0.00   21.19
   93  28408.34        2.79534700e+01        2.11440400e-08    0.00   21.19
   94  28408.66        2.83131000e+01        1.23429400e-08    0.00   21.19
   95  28408.92        2.86412000e+01        4.90346400e-08    0.00   21.23
   96  28409.16        2.88742500e+01        4.50059400e-08    0.00   21.23
   97  28409.49        2.92287900e+01        3.06268400e-08    0.00   21.34
   98  28409.79        2.95235000e+01        2.52966400e-08    0.00   21.34
   99  28410.03        2.97497800e+01       -7.80156000e-09    0.00   21.34
  100  28410.28        3.00614600e+01        3.34135400e-08    0.00   21.34
  101  28410.65        3.04287100e+01        7.09107400e-08    0.00   20.87
  102  28410.90        3.07611100e+01        4.84742400e-08    0.00   20.87
  103  28411.14        3.09773300e+01        2.94466400e-08    0.00   20.87
  104  28411.44        3.13496300e+01        6.22956400e-08    0.00   20.87
  105  28411.78        3.16380000e+01        5.08914400e-08    0.00   21.17
  106  28412.03        3.18880300e+01        5.38044400e-08    0.00   21.17
  107  28412.27        3.21955400e+01        4.02310400e-08    0.00   21.17
  108  28412.65        3.25392100e+01        5.21310400e-08    0.00   21.19
  109  28412.94        3.28135100e+01        6.31013400e-08    0.00   21.19
  110  28413.19        3.30915400e+01        7.32039400e-08    0.00   21.19
  111  28413.55        3.34334500e+01        6.14898400e-08    0.00   20.88
  112  28413.86        3.37283300e+01        1.01091400e-08    0.00   20.88
  113  28414.11        3.39949000e+01        5.39284400e-08    0.00   20.88
  114  28414.36        3.42804000e+01        8.83268400e-08    0.00   20.88
  115  28414.63        3.46415700e+01        1.04689340e-07    0.00   21.33
  116  28414.89        3.49529900e+01        1.02148140e-07    0.00   21.33
  117  28415.13        3.51952300e+01        1.19564340e-07    0.00   21.33
  118  28415.37        3.55246500e+01        1.34439340e-07    0.00   21.33
  119  28415.67        3.58530300e+01        1.16651240e-07    0.00   20.88
  120  28415.93        3.61040500e+01        1.39648940e-07    0.00   20.88
  121  28416.17        3.64075900e+01        1.93883440e-07    0.00   20.88
  122  28416.44        3.67667300e+01        1.92272640e-07    0.00   20.88
  123  28416.74        3.70588100e+01        2.22580440e-07    0.00   21.16
  124  28416.99        3.73159600e+01        2.95591940e-07    0.00   21.16
  125  28417.24        3.76131500e+01        3.32779440e-07    0.00   21.16
  126  28417.61        3.79641300e+01        3.74057540e-07    0.00   21.20
  127  28417.87        3.82252200e+01        4.58783040e-07    0.00   21.20
  128  28418.12        3.85196500e+01        5.16485640e-07    0.00   21.20
  129  28418.36        3.88102200e+01        5.87451740e-07    0.00   21.20
  130  28418.73        3.91661600e+01        7.60931340e-07    0.00   20.88
  131  28418.98        3.94083700e+01        8.59788140e-07    0.00   20.88
  132  28419.22        3.96892400e+01        9.48542240e-07    0.00   20.88
  133  28419.51        4.00300300e+01        1.17929064e-06    0.00   20.88
  134  28419.82        4.03221800e+01        1.39423434e-06    0.00   21.35
  135  28420.07        4.05949400e+01        1.59132804e-06    0.00   21.35
  136  28420.31        4.08785300e+01        1.83781914e-06    0.00   21.35
  137  28420.62        4.12387900e+01        2.18638994e-06    0.00   20.88
  138  28420.88        4.15010500e+01        2.63084244e-06    0.00   20.88
  139  28421.13        4.17834800e+01        3.11149074e-06    0.00   20.88
  140  28421.38        4.21110100e+01        4.22507014e-06    0.00   20.88
  141  28421.68        4.24150800e+01        4.49957804e-06    0.00   21.17
  142  28421.93        4.26850200e+01        5.74184694e-06    0.00   21.17
  143  28422.18        4.29937200e+01        6.18127954e-06    0.00   21.17
  144  28422.50        4.33497800e+01        8.53239944e-06    0.00   21.20
  145  28422.79        4.36146100e+01        9.89842144e-06    0.00   21.20
  146  28423.05        4.38896700e+01        1.14836640e-05    0.00   21.20
  147  28423.29        4.42005100e+01        1.43306175e-05    0.00   21.20
  148  28423.55        4.45106600e+01        1.70663803e-05    0.00   20.88
  149  28423.80        4.48324100e+01        1.94875985e-05    0.00   20.88
  150  28424.04        4.50982200e+01        2.41908915e-05    0.00   20.88