# Ic = 38.60 A, n = 26.66 , Tavg = 0.00 K, Anneal265_00K___3600s
#idx    t_s     iHTS_A                vHTS_V                tHTS_K  tTAR_K
    0  383787.92        5.95336200e-02        1.37654420e-08    0.00   20.79
    1  383788.16        3.68310900e-01        9.35318620e-08    0.00   20.79
    2  383788.45        6.98486500e-01        9.39037320e-08    0.00   20.79
    3  383788.71        1.03577900e+00        6.59513920e-08    0.00   20.86
    4  383788.96        1.25761000e+00        1.20740452e-07    0.00   20.86
    5  383789.22        1.53834300e+00        5.71504420e-08    0.00   20.86
    6  383789.49        1.90695400e+00        8.46689220e-08    0.00   21.11
    7  383789.76        2.19066300e+00        1.00659392e-07    0.00   21.11
    8  383790.01        2.46351900e+00        2.02731920e-08    0.00   21.11
    9  383790.27        2.80676100e+00        5.02702420e-08    0.00   21.11
   10  383790.56        3.10297500e+00        1.20243332e-07    0.00   21.12
   11  383790.83        3.37896700e+00        1.29725912e-07    0.00   21.12
   12  383791.08        3.65855900e+00        1.21606722e-07    0.00   21.12
   13  383791.48        4.00798300e+00        1.05306352e-07    0.00   20.88
   14  383791.78        4.27391300e+00        1.37845112e-07    0.00   20.88
   15  383792.02        4.58331400e+00        9.60715420e-08    0.00   20.88
   16  383792.31        4.92064500e+00        1.05678222e-07    0.00   21.04
   17  383792.60        5.20901500e+00        3.35351620e-08    0.00   21.04
   18  383792.85        5.48756900e+00        6.78712920e-08    0.00   21.04
   19  383793.09        5.77151000e+00        1.19313512e-07    0.00   21.04
   20  383793.46        6.12343200e+00        4.14684120e-08    0.00   21.18
   21  383793.73        6.45186100e+00        5.20047720e-08    0.00   21.18
   22  383793.97        6.70324300e+00        1.43361202e-07    0.00   21.18
   23  383794.21        6.98987500e+00        7.85316120e-08    0.00   21.18
   24  383794.52        7.33379500e+00        5.40500720e-08    0.00   20.80
   25  383794.77        7.61832300e+00        1.11070362e-07    0.00   20.80
   26  383795.01        7.89589700e+00        8.00810720e-08    0.00   20.80
   27  383795.31        8.25835800e+00        8.10107520e-08    0.00   21.27
   28  383795.58        8.54025400e+00        9.29106420e-08    0.00   21.27
   29  383795.84        8.81125500e+00        5.90703320e-08    0.00   21.27
   30  383796.09        9.09151600e+00        7.97712220e-08    0.00   21.27
   31  383796.45        9.43729300e+00        2.74613920e-08    0.00   20.87
   32  383796.71        9.70195500e+00        1.67391820e-08    0.00   20.87
   33  383796.96        9.98336300e+00        8.33041720e-08    0.00   20.87
   34  383797.20        1.02907200e+01        1.11938282e-07    0.00   20.87
   35  383797.51        1.06278400e+01        3.59525420e-08    0.00   21.04
   36  383797.78        1.09434400e+01        5.51659020e-08    0.00   21.04
   37  383798.02        1.11799300e+01        9.50801020e-08    0.00   21.04
   38  383798.31        1.15410800e+01        2.75854320e-08    0.00   21.04
   39  383798.60        1.18163400e+01        8.85723520e-08    0.00   21.17
   40  383798.86        1.20633000e+01        1.00348282e-07    0.00   21.17
   41  383799.10        1.23646900e+01        3.82457520e-08    0.00   21.17
   42  383799.40        1.27162300e+01        8.75806920e-08    0.00   20.81
   43  383799.72        1.29960400e+01        7.66724620e-08    0.00   20.81
   44  383799.97        1.32549900e+01       -4.95331800e-09    0.00   20.81
   45  383800.22        1.35830400e+01        6.44626820e-08    0.00   20.81
   46  383800.52        1.39091300e+01        9.73560200e-09    0.00   21.26
   47  383800.79        1.41534500e+01        6.35330120e-08    0.00   21.26
   48  383801.03        1.44580200e+01        9.80550720e-08    0.00   21.26
   49  383801.39        1.47996100e+01        3.92374020e-08    0.00   21.26
   50  383801.66        1.51294500e+01       -2.05719180e-08    0.00   20.88
   51  383801.90        1.53526900e+01        4.84734620e-08    0.00   20.88
   52  383802.15        1.56600400e+01       -3.58350800e-09    0.00   20.88
   53  383802.49        1.60099000e+01        5.53358200e-09    0.00   21.02
   54  383802.78        1.62688100e+01        3.31140120e-08    0.00   21.02
   55  383803.02        1.65612800e+01        6.35454520e-08    0.00   21.02
   56  383803.31        1.69212200e+01        5.47160200e-09    0.00   21.18
   57  383803.60        1.72073800e+01        6.81318520e-08    0.00   21.18
   58  383803.86        1.74905300e+01        7.09828620e-08    0.00   21.18
   59  383804.12        1.77710800e+01        4.55097120e-08    0.00   21.18
   60  383804.39        1.81304000e+01        4.92284220e-08    0.00   20.79
   61  383804.65        1.84083800e+01       -2.41541080e-08    0.00   20.79
   62  383804.92        1.86962400e+01       -5.62254800e-09    0.00   20.79
   63  383805.17        1.89802800e+01        6.60245920e-08    0.00   20.79
   64  383805.51        1.93045000e+01       -9.12178000e-10    0.00   21.26
   65  383805.78        1.95658700e+01        5.03775200e-09    0.00   21.26
   66  383806.04        1.98761500e+01        8.30066920e-08    0.00   21.26
   67  383806.37        2.02384800e+01        4.61294920e-08    0.00   20.86
   68  383806.65        2.04684400e+01       -7.79178800e-09    0.00   20.86
   69  383806.91        2.07684700e+01        5.96743200e-09    0.00   20.86
   70  383807.15        2.10724000e+01       -5.24162980e-08    0.00   20.86
   71  383807.42        2.13875900e+01       -5.83662380e-08    0.00   21.02
   72  383807.71        2.16841800e+01        2.41271320e-08    0.00   21.02
   73  383807.96        2.19820200e+01       -4.54126980e-08    0.00   21.02
   74  383808.20        2.22848900e+01       -2.95740800e-09    0.00   21.02
   75  383808.50        2.25991800e+01        1.17315120e-08    0.00   21.17
   76  383808.77        2.28735000e+01       -2.77487780e-08    0.00   21.17
   77  383809.03        2.32070800e+01       -1.29978980e-08    0.00   21.17
   78  383809.28        2.35155600e+01       -3.80372080e-08    0.00   21.17
   79  383809.57        2.38115200e+01       -4.88214680e-08    0.00   20.80
   80  383809.83        2.40824600e+01        4.37743920e-08    0.00   20.80
   81  383810.08        2.43903600e+01       -1.88238780e-08    0.00   20.80
   82  383810.42        2.47218400e+01       -4.64043080e-08    0.00   21.25
   83  383810.70        2.49958500e+01       -2.57654680e-08    0.00   21.25
   84  383810.94        2.52878300e+01       -1.73983780e-08    0.00   21.25
   85  383811.19        2.55667000e+01       -3.19633180e-08    0.00   21.25
   86  383811.52        2.58998700e+01        1.03679820e-08    0.00   20.87
   87  383811.80        2.61759500e+01       -2.21364800e-09    0.00   20.87
   88  383812.05        2.64775300e+01       -8.48309680e-08    0.00   20.87
   89  383812.30        2.68123000e+01       -2.21707180e-08    0.00   21.01
   90  383812.56        2.71004100e+01       -7.67737680e-08    0.00   21.01
   91  383812.82        2.73752200e+01       -1.29978980e-08    0.00   21.01
   92  383813.07        2.76392600e+01       -4.16268000e-10    0.00   21.01
   93  383813.34        2.80299600e+01       -4.98131280e-08    0.00   21.18
   94  383813.66        2.83130200e+01       -4.48548480e-08    0.00   21.18
   95  383813.91        2.85836300e+01       -4.05784580e-08    0.00   21.18
   96  383814.16        2.88586900e+01       -8.79301280e-08    0.00   21.18
   97  383814.46        2.92040400e+01       -4.96894280e-08    0.00   20.79
   98  383814.73        2.94897200e+01       -4.16322180e-08    0.00   20.79
   99  383814.98        2.97666400e+01       -1.27906278e-07    0.00   20.79
  100  383815.22        3.00810000e+01       -4.01447380e-08    0.00   20.79
  101  383815.49        3.04232000e+01       -8.93556580e-08    0.00   21.25
  102  383815.74        3.07594200e+01       -2.29766980e-08    0.00   21.25
  103  383815.98        3.09721900e+01       -5.12688800e-09    0.00   21.25
  104  383816.30        3.13188500e+01       -6.90886880e-08    0.00   21.25
  105  383816.57        3.16314000e+01       -7.37370780e-08    0.00   20.87
  106  383816.83        3.18779500e+01       -2.60136380e-08    0.00   20.87
  107  383817.07        3.21806000e+01       -5.98538980e-08    0.00   20.87
  108  383817.48        3.25560500e+01       -1.92579880e-08    0.00   21.02
  109  383817.74        3.28080100e+01       -4.73962180e-08    0.00   21.02
  110  383818.00        3.30883300e+01       -4.15082680e-08    0.00   21.02
  111  383818.26        3.34417300e+01       -6.48741580e-08    0.00   21.02
  112  383818.52        3.37395900e+01       -3.07240080e-08    0.00   21.17
  113  383818.79        3.40217100e+01       -9.94581480e-08    0.00   21.17
  114  383819.04        3.42843000e+01       -8.36536380e-08    0.00   21.17
  115  383819.35        3.46648000e+01       -1.24403580e-08    0.00   20.80
  116  383819.70        3.49117000e+01       -1.12639280e-08    0.00   20.80
  117  383819.94        3.51928300e+01       -7.23762980e-08    0.00   20.80
  118  383820.19        3.54985200e+01        7.54020000e-11    0.00   20.80
  119  383820.51        3.58427600e+01       -3.20914480e-08    0.00   21.25
  120  383820.76        3.60952000e+01       -3.09758280e-08    0.00   21.25
  121  383821.01        3.64054300e+01        1.59419020e-08    0.00   21.25
  122  383821.30        3.67658100e+01       -4.51689080e-08    0.00   21.25
  123  383821.63        3.70588100e+01       -1.85801280e-08    0.00   20.87
  124  383821.88        3.72848700e+01        9.49645120e-08    0.00   20.87
  125  383822.12        3.76135500e+01        1.29049620e-08    0.00   20.87
  126  383822.45        3.79737600e+01        4.42041120e-08    0.00   21.01
  127  383822.70        3.82646500e+01        9.26093320e-08    0.00   21.01
  128  383822.94        3.85059000e+01        4.87285420e-08    0.00   21.01
  129  383823.19        3.88144400e+01        1.72809532e-07    0.00   21.01
  130  383823.45        3.91497000e+01        2.37763022e-07    0.00   21.18
  131  383823.70        3.93952900e+01        3.49510282e-07    0.00   21.18
  132  383823.94        3.97053400e+01        4.37147912e-07    0.00   21.18
  133  383824.18        4.00029800e+01        4.79851102e-07    0.00   21.18
  134  383824.43        4.02906600e+01        6.66468422e-07    0.00   20.79
  135  383824.67        4.05862700e+01        7.62287212e-07    0.00   20.79
  136  383824.91        4.08998000e+01        9.28823482e-07    0.00   20.79
  137  383825.16        4.12057800e+01        1.11184604e-06    0.00   20.79
  138  383825.43        4.15138200e+01        1.34172436e-06    0.00   21.25
  139  383825.71        4.17808200e+01        1.69586741e-06    0.00   21.25
  140  383825.95        4.20878800e+01        1.97638004e-06    0.00   21.25
  141  383826.19        4.23746200e+01        2.29730389e-06    0.00   21.25
  142  383827.58        4.27050200e+01        3.62228174e-06    0.00   20.87
  143  383827.82        4.29782200e+01        3.39116365e-06    0.00   20.78
  144  383828.07        4.32907600e+01        4.50467062e-06    0.00   20.78
  145  383828.37        4.36432500e+01        4.71037749e-06    0.00   21.18
  146  383828.69        4.39157500e+01        6.54729832e-06    0.00   21.18
  147  383828.95        4.41852400e+01        7.91429765e-06    0.00   21.18
  148  383829.19        4.44688400e+01        8.10531601e-06    0.00   21.18
  149  383829.45        4.48048900e+01        1.08807300e-05    0.00   20.80
  150  383829.70        4.50871100e+01        1.23415736e-05    0.00   20.80
  151  383829.96        4.53915900e+01        1.45019116e-05    0.00   20.80
  152  383830.20        4.56781700e+01        1.82117850e-05    0.00   20.80
  153  383830.54        4.60374600e+01        2.19085189e-05    0.00   21.25