# Ic = 38.69 A, n = 26.58 , Tavg = 0.00 K, Anneal274_00K___3600s
#idx    t_s     iHTS_A                vHTS_V                tHTS_K  tTAR_K
    0  416044.98        1.00689700e-01        6.18917800e-08    0.00   20.80
    1  416045.24        3.81191300e-01        5.44543800e-08    0.00   20.80
    2  416045.48        6.59570400e-01        8.07331800e-08    0.00   20.80
    3  416045.83        1.01959400e+00        9.94507800e-08    0.00   21.25
    4  416046.09        1.27438700e+00        1.30128880e-07    0.00   21.25
    5  416046.34        1.55194500e+00        1.10231680e-07    0.00   21.25
    6  416046.59        1.86288700e+00        1.28948380e-07    0.00   21.25
    7  416046.88        2.22264800e+00        9.16992800e-08    0.00   20.78
    8  416047.12        2.48660200e+00        4.71986800e-08    0.00   20.78
    9  416047.37        2.77070700e+00        4.63929800e-08    0.00   20.78
   10  416047.62        3.08025300e+00        3.80878800e-08    0.00   20.78
   11  416047.97        3.41542400e+00        4.11247800e-08    0.00   21.22
   12  416048.24        3.67414300e+00        2.07838000e-09    0.00   21.22
   13  416048.49        3.98186900e+00       -2.18453200e-08    0.00   21.22
   14  416048.73        4.31232100e+00        2.40187800e-08    0.00   21.22
   15  416048.99        4.63470800e+00        4.92439800e-08    0.00   20.79
   16  416049.25        4.88234500e+00        5.63095800e-08    0.00   20.79
   17  416049.50        5.18857300e+00        6.72177800e-08    0.00   20.79
   18  416049.74        5.53972000e+00        3.12702800e-08    0.00   20.79
   19  416050.01        5.81712100e+00       -3.37572000e-09    0.00   21.22
   20  416050.25        6.09798400e+00        1.89238000e-09    0.00   21.22
   21  416050.49        6.41139800e+00        1.85026800e-08    0.00   21.22
   22  416050.74        6.76383000e+00        4.18685800e-08    0.00   21.22
   23  416051.07        7.03611100e+00        1.67672800e-08    0.00   20.95
   24  416051.31        7.31676000e+00        3.85836800e-08    0.00   20.95
   25  416051.56        7.62953400e+00        4.84382800e-08    0.00   20.95
   26  416051.88        7.96922600e+00        5.47600800e-08    0.00   20.92
   27  416052.14        8.23483700e+00        5.80448800e-08    0.00   20.92
   28  416052.39        8.52203600e+00        3.56706800e-08    0.00   20.92
   29  416052.64        8.82354800e+00        2.14775800e-08    0.00   20.92
   30  416052.95        9.13668500e+00        5.09793800e-08    0.00   21.23
   31  416053.23        9.45491700e+00        2.72415800e-08    0.00   21.23
   32  416053.48        9.72286500e+00        3.35633800e-08    0.00   21.23
   33  416053.72        1.00193100e+01        8.12868800e-08    0.00   21.23
   34  416053.97        1.03412000e+01        8.13487800e-08    0.00   20.78
   35  416054.23        1.06145800e+01        3.22618800e-08    0.00   20.78
   36  416054.47        1.09163000e+01        2.13535800e-08    0.00   20.78
   37  416054.72        1.12069100e+01       -1.83126200e-08    0.00   20.78
   38  416055.01        1.15270700e+01       -1.25486200e-08    0.00   21.22
   39  416055.26        1.18000900e+01        2.81712800e-08    0.00   21.22
   40  416055.51        1.20763400e+01        3.21998800e-08    0.00   21.22
   41  416055.77        1.24396200e+01        6.65979800e-08    0.00   21.22
   42  416056.04        1.27249000e+01        3.02165800e-08    0.00   20.93
   43  416056.29        1.29953500e+01       -2.07432000e-09    0.00   20.93
   44  416056.54        1.32694300e+01        1.99280800e-08    0.00   20.93
   45  416057.04        1.36388900e+01       -6.47472000e-09    0.00   20.92
   46  416057.32        1.38887600e+01        4.70126800e-08    0.00   20.92
   47  416057.56        1.41630400e+01       -2.63212000e-09    0.00   20.92
   48  416057.85        1.45280200e+01       -3.00255200e-08    0.00   21.21
   49  416058.14        1.48435100e+01        4.81943800e-08    0.00   21.21
   50  416058.39        1.50841200e+01        4.05720800e-08    0.00   21.21
   51  416058.63        1.53617100e+01        3.62955800e-08    0.00   21.21
   52  416058.99        1.57082900e+01       -1.52706200e-08    0.00   20.78
   53  416059.26        1.60317800e+01       -4.45864200e-08    0.00   20.78
   54  416059.51        1.62599900e+01        7.41358000e-09    0.00   20.78
   55  416059.77        1.66203200e+01       -2.35137200e-08    0.00   20.78
   56  416060.08        1.69131000e+01       -1.54565200e-08    0.00   21.21
   57  416060.36        1.72349800e+01       -2.31702000e-09    0.00   21.21
   58  416060.60        1.74740600e+01       -1.44648200e-08    0.00   21.21
   59  416060.96        1.78281000e+01       -2.79761200e-08    0.00   20.93
   60  416061.22        1.80942600e+01       -9.50662000e-09    0.00   20.93
   61  416061.46        1.83753200e+01       -7.05620000e-10    0.00   20.93
   62  416061.70        1.86807500e+01       -5.98331200e-08    0.00   20.93
   63  416061.98        1.90258000e+01       -5.33254200e-08    0.00   20.92
   64  416062.22        1.92833500e+01       -1.84934200e-08    0.00   20.92
   65  416062.47        1.95791600e+01        2.17305800e-08    0.00   20.92
   66  416062.71        1.98903500e+01        1.58758000e-09    0.00   20.92
   67  416063.05        2.02199400e+01       -3.67151200e-08    0.00   21.22
   68  416063.30        2.04736000e+01       -2.25840200e-08    0.00   21.22
   69  416063.55        2.07816300e+01       -1.02503200e-08    0.00   21.22
   70  416063.82        2.11475000e+01       -5.33879200e-08    0.00   20.77
   71  416064.18        2.13529200e+01       -6.42348200e-08    0.00   20.77
   72  416064.44        2.16784200e+01       -6.71902000e-09    0.00   20.77
   73  416064.68        2.19944900e+01       -8.14452000e-09    0.00   20.77
   74  416064.98        2.23297100e+01        6.28828800e-08    0.00   21.21
   75  416065.22        2.25852300e+01        3.23893800e-08    0.00   21.21
   76  416065.46        2.28896000e+01       -1.43424200e-08    0.00   21.21
   77  416065.70        2.31977400e+01       -9.87992000e-09    0.00   21.21
   78  416066.07        2.35122700e+01       -3.56630200e-08    0.00   20.92
   79  416066.32        2.37833900e+01       -5.22732200e-08    0.00   20.92
   80  416066.56        2.40918300e+01       -5.06618200e-08    0.00   20.92
   81  416066.87        2.44551800e+01       -7.16105200e-08    0.00   20.92
   82  416067.14        2.47210000e+01        2.88768000e-09    0.00   20.92
   83  416067.39        2.49896500e+01        2.85467800e-08    0.00   20.92
   84  416067.64        2.52919100e+01       -1.80611200e-08    0.00   20.92
   85  416067.98        2.56116800e+01       -5.07237200e-08    0.00   21.20
   86  416068.23        2.58846000e+01       -8.93364200e-08    0.00   21.20
   87  416068.47        2.61882300e+01       -1.05078920e-07    0.00   21.20
   88  416068.72        2.65030000e+01       -6.72100200e-08    0.00   21.20
   89  416069.02        2.68008800e+01       -5.23352200e-08    0.00   20.77
   90  416069.26        2.70778400e+01       -1.01360220e-07    0.00   20.77
   91  416069.52        2.73828600e+01       -9.53483200e-08    0.00   20.77
   92  416069.81        2.77272500e+01       -6.60941200e-08    0.00   21.21
   93  416070.10        2.80051300e+01       -6.57838200e-08    0.00   21.21
   94  416070.37        2.83215800e+01       -1.42797200e-08    0.00   21.21
   95  416070.62        2.85683900e+01        1.94985800e-08    0.00   21.21
   96  416070.98        2.89247000e+01       -3.61942000e-09    0.00   20.93
   97  416071.23        2.92032300e+01       -4.04966200e-08    0.00   20.93
   98  416071.48        2.94983500e+01       -3.63440200e-08    0.00   20.93
   99  416071.74        2.98178700e+01       -7.33452200e-08    0.00   20.93
  100  416072.00        3.01259000e+01       -8.30138200e-08    0.00   20.91
  101  416072.30        3.03944700e+01       -2.23369200e-08    0.00   20.91
  102  416072.54        3.07064900e+01       -1.96718200e-08    0.00   20.91
  103  416072.83        3.10437300e+01       -1.09328200e-08    0.00   21.21
  104  416073.16        3.13412800e+01       -2.72332200e-08    0.00   21.21
  105  416073.41        3.16085500e+01       -1.02846920e-07    0.00   21.21
  106  416073.66        3.18904000e+01       -6.93786200e-08    0.00   21.21
  107  416074.01        3.22446600e+01       -6.77051200e-08    0.00   20.77
  108  416074.26        3.25109900e+01       -7.82415200e-08    0.00   20.77
  109  416074.52        3.28106900e+01        6.57180000e-10    0.00   20.77
  110  416074.78        3.31664100e+01       -3.42367200e-08    0.00   20.77
  111  416075.03        3.34422700e+01       -3.88851200e-08    0.00   21.21
  112  416075.29        3.37151400e+01       -3.34310200e-08    0.00   21.21
  113  416075.55        3.39959500e+01       -1.14871320e-07    0.00   21.21
  114  416075.82        3.43019300e+01       -1.26090020e-07    0.00   21.21
  115  416076.09        3.46476200e+01       -8.66720200e-08    0.00   20.93
  116  416076.36        3.49681300e+01       -3.11392200e-08    0.00   20.93
  117  416076.60        3.52022900e+01        5.23457800e-08    0.00   20.93
  118  416076.98        3.55582400e+01        1.08821800e-08    0.00   20.91
  119  416077.24        3.58283600e+01       -2.77924200e-08    0.00   20.91
  120  416077.49        3.61062300e+01       -1.51488200e-08    0.00   20.91
  121  416077.73        3.64576400e+01        1.49107800e-08    0.00   20.91
  122  416078.01        3.67662500e+01       -1.63883200e-08    0.00   21.21
  123  416078.27        3.70512400e+01        6.12706800e-08    0.00   21.21
  124  416078.51        3.73210500e+01        4.88749800e-08    0.00   21.21
  125  416078.76        3.76987800e+01        1.18662780e-07    0.00   21.21
  126  416079.02        3.79761000e+01        1.37318380e-07    0.00   20.78
  127  416079.27        3.82718800e+01        1.23807080e-07    0.00   20.78
  128  416079.52        3.85258800e+01        1.49404180e-07    0.00   20.78
  129  416079.81        3.88939900e+01        1.87582880e-07    0.00   21.21
  130  416080.08        3.91762900e+01        2.30038180e-07    0.00   21.21
  131  416080.38        3.94507300e+01        3.59263380e-07    0.00   21.21
  132  416080.63        3.97125300e+01        4.37418280e-07    0.00   21.21
  133  416080.98        4.00562200e+01        4.95058380e-07    0.00   20.94
  134  416081.25        4.02876300e+01        6.29985180e-07    0.00   20.94
  135  416081.49        4.05926200e+01        7.58093280e-07    0.00   20.94
  136  416081.76        4.09613400e+01        8.35812880e-07    0.00   20.94
  137  416082.01        4.12604800e+01        1.12531428e-06    0.00   20.90
  138  416082.26        4.14975600e+01        1.30709728e-06    0.00   20.90
  139  416082.51        4.17922300e+01        1.52947628e-06    0.00   20.90
  140  416082.77        4.21796000e+01        1.81792441e-06    0.00   20.90
  141  416083.01        4.23987100e+01        2.13767167e-06    0.00   21.22
  142  416083.26        4.26747700e+01        3.22105648e-06    0.00   21.22
  143  416083.52        4.29980200e+01        3.37482522e-06    0.00   21.22
  144  416083.76        4.33389200e+01        3.69097773e-06    0.00   21.22
  145  416084.02        4.36603300e+01        5.19519680e-06    0.00   20.77
  146  416084.27        4.38746600e+01        5.48575217e-06    0.00   20.77
  147  416084.52        4.42010100e+01        7.38483648e-06    0.00   20.77
  148  416084.81        4.45456600e+01        8.56056931e-06    0.00   20.77
  149  416085.08        4.48403600e+01        1.04070338e-05    0.00   21.21
  150  416085.32        4.51167800e+01        1.08762127e-05    0.00   21.21
  151  416085.57        4.54010900e+01        1.38735080e-05    0.00   21.21
  152  416085.89        4.57769700e+01        1.71732651e-05    0.00   20.94
  153  416086.15        4.60446700e+01        2.08541304e-05    0.00   20.94