# Ic = 37.24 A, n = 25.24 , Tavg = 0.00 K, 21K_step2_unknownFluence
#idx    t_s     iHTS_A                vHTS_V                tHTS_K  tTAR_K
    0  24241.03        3.93698100e-02       -6.43348100e-09    0.00   20.88
    1  24241.28        5.62339200e-01        4.07329790e-08    0.00   20.88
    2  24241.58        1.08593800e+00        1.91640790e-08    0.00   20.95
    3  24241.86        1.56577200e+00       -1.11439210e-08    0.00   20.95
    4  24242.10        2.02865000e+00        4.40178890e-08    0.00   20.95
    5  24242.35        2.56242500e+00        4.41418490e-08    0.00   20.95
    6  24242.62        3.07955700e+00        1.25198900e-09    0.00   21.13
    7  24242.89        3.55556700e+00        6.23638390e-08    0.00   21.13
    8  24243.14        4.06071900e+00        3.85017090e-08    0.00   21.13
    9  24243.38        4.60103500e+00        1.80484490e-08    0.00   21.14
   10  24243.70        5.03040200e+00        9.27338290e-08    0.00   21.14
   11  24243.96        5.55653600e+00        1.29735639e-07    0.00   21.14
   12  24244.20        6.06307200e+00        7.80446790e-08    0.00   21.14
   13  24244.46        6.56287100e+00        1.12133439e-07    0.00   20.83
   14  24244.73        7.12625600e+00        8.68457690e-08    0.00   20.83
   15  24244.97        7.59565200e+00        7.05451490e-08    0.00   20.83
   16  24245.23        8.07599800e+00        9.20520590e-08    0.00   20.83
   17  24245.48        8.60999200e+00        4.81705190e-08    0.00   21.27
   18  24245.74        9.12080300e+00        5.12075190e-08    0.00   21.27
   19  24245.98        9.57503200e+00       -5.62758100e-09    0.00   21.27
   20  24246.22        1.00562600e+01        3.44115890e-08    0.00   21.27
   21  24246.52        1.06097000e+01        5.57948990e-08    0.00   20.84
   22  24246.78        1.11003000e+01        4.11057390e-08    0.00   20.84
   23  24247.02        1.15747800e+01        3.80067590e-08    0.00   20.84
   24  24247.28        1.20491000e+01        3.62713290e-08    0.00   20.84
   25  24247.56        1.25761300e+01        7.09798990e-08    0.00   21.11
   26  24247.80        1.30768200e+01        6.32944290e-08    0.00   21.11
   27  24248.05        1.35491600e+01        7.14092900e-09    0.00   21.11
   28  24248.35        1.41157500e+01        4.53823290e-08    0.00   21.11
   29  24248.64        1.45887000e+01        9.09993090e-08    0.00   21.09
   30  24248.90        1.50536100e+01        6.42861090e-08    0.00   21.09
   31  24249.15        1.55299100e+01        1.09407249e-07    0.00   21.09
   32  24249.47        1.60753400e+01        1.44673629e-07    0.00   20.91
   33  24249.77        1.65534200e+01        1.21865149e-07    0.00   20.91
   34  24250.01        1.70493600e+01        1.16906779e-07    0.00   20.91
   35  24250.26        1.75560200e+01        8.33758190e-08    0.00   20.91
   36  24250.51        1.80914500e+01        6.91205190e-08    0.00   21.31
   37  24250.77        1.85236700e+01        1.35128779e-07    0.00   21.31
   38  24251.03        1.90511200e+01        1.22794839e-07    0.00   21.31
   39  24251.28        1.95754700e+01        1.19695859e-07    0.00   21.31
   40  24251.57        2.00868700e+01        1.44921549e-07    0.00   20.58
   41  24251.82        2.05567400e+01        9.75691490e-08    0.00   20.58
   42  24252.07        2.10603800e+01        9.81898890e-08    0.00   20.58
   43  24252.41        2.16159000e+01        1.25895519e-07    0.00   20.85
   44  24252.71        2.20782200e+01        1.22610779e-07    0.00   20.85
   45  24252.96        2.25551700e+01        1.32403559e-07    0.00   20.85
   46  24253.20        2.30504700e+01        1.82173199e-07    0.00   20.85
   47  24253.56        2.35895700e+01        1.16102919e-07    0.00   21.12
   48  24253.82        2.41011600e+01        1.09223179e-07    0.00   21.12
   49  24254.07        2.45792400e+01        1.48766179e-07    0.00   21.12
   50  24254.36        2.50738400e+01        1.62649619e-07    0.00   21.12
   51  24254.63        2.55674200e+01        2.01572829e-07    0.00   20.80
   52  24254.88        2.60461600e+01        1.73372089e-07    0.00   20.80
   53  24255.12        2.65230700e+01        1.26763419e-07    0.00   20.80
   54  24255.52        2.70874300e+01        1.54158409e-07    0.00   21.29
   55  24255.79        2.75886900e+01        1.46410959e-07    0.00   21.29
   56  24256.05        2.80604600e+01        1.53042779e-07    0.00   21.29
   57  24256.30        2.86076700e+01        1.38105689e-07    0.00   21.29
   58  24256.63        2.90698700e+01        1.99155619e-07    0.00   21.14
   59  24256.88        2.95521900e+01        1.68351749e-07    0.00   21.14
   60  24257.12        3.00582600e+01        1.43002079e-07    0.00   21.14
   61  24257.44        3.06017900e+01        1.42196339e-07    0.00   21.14
   62  24257.74        3.11062600e+01        1.32713459e-07    0.00   21.14
   63  24257.98        3.15836600e+01        1.11578919e-07    0.00   21.14
   64  24258.23        3.20909900e+01        1.29429479e-07    0.00   21.14
   65  24258.57        3.26026400e+01        1.19202939e-07    0.00   21.09
   66  24258.82        3.31011900e+01        9.51548390e-08    0.00   21.09
   67  24259.06        3.35818000e+01        1.15918019e-07    0.00   21.09
   68  24259.38        3.41258500e+01        9.66423490e-08    0.00   20.84
   69  24259.67        3.46216800e+01        1.58745959e-07    0.00   20.84
   70  24259.93        3.50936400e+01        1.79633099e-07    0.00   20.84
   71  24260.19        3.55794300e+01        1.50750589e-07    0.00   20.84
   72  24260.50        3.61102800e+01        2.00272319e-07    0.00   21.12
   73  24260.76        3.65911200e+01        2.97084539e-07    0.00   21.12
   74  24261.00        3.70915200e+01        2.75639579e-07    0.00   21.12
   75  24261.25        3.75917700e+01        3.44560949e-07    0.00   21.12
   76  24261.54        3.81349200e+01        5.28268619e-07    0.00   21.13
   77  24261.79        3.85956900e+01        5.75992949e-07    0.00   21.13
   78  24262.05        3.91047100e+01        7.35962429e-07    0.00   21.13
   79  24262.30        3.96390000e+01        1.00514004e-06    0.00   21.13
   80  24262.58        4.01043600e+01        1.27314004e-06    0.00   20.85
   81  24262.83        4.05994100e+01        1.69088287e-06    0.00   20.85
   82  24263.08        4.10627400e+01        2.08513541e-06    0.00   20.85
   83  24263.34        4.16265000e+01        3.46374871e-06    0.00   21.25
   84  24263.64        4.21036400e+01        4.45065064e-06    0.00   21.25
   85  24263.90        4.25721800e+01        6.16762042e-06    0.00   21.25
   86  24264.15        4.30505200e+01        7.36196948e-06    0.00   21.25
   87  24264.45        4.35962300e+01        1.01965496e-05    0.00   20.83
   88  24264.72        4.40772300e+01        1.34594715e-05    0.00   20.83
   89  24264.97        4.45572200e+01        1.96178994e-05    0.00   20.83
   90  24265.22        4.50663400e+01        2.58722098e-05    0.00   20.83