# Ic = 38.30 A, n = 30.19 , Tavg = 0.00 K, Anneal130_00K___3600s
#idx    t_s     iHTS_A                vHTS_V                tHTS_K  tTAR_K
    0  88885.23        4.28492900e-02        2.01928300e-08    0.00   20.92
    1  88885.47        3.48706900e-01        2.13084300e-08    0.00   20.92
    2  88885.75        6.58066300e-01       -1.83582700e-08    0.00   20.92
    3  88886.00        9.66409300e-01        2.62668300e-08    0.00   21.18
    4  88886.28        1.24326100e+00        3.43241300e-08    0.00   21.18
    5  88886.52        1.52137600e+00        1.29412300e-08    0.00   21.18
    6  88886.77        1.86748200e+00        3.12251300e-08    0.00   20.96
    7  88887.09        2.18678100e+00        2.08746300e-08    0.00   20.96
    8  88887.34        2.45042400e+00       -3.10639700e-08    0.00   20.96
    9  88887.59        2.73380600e+00        2.90063000e-09    0.00   20.96
   10  88887.99        3.03384500e+00        2.20522300e-08    0.00   21.20
   11  88888.28        3.35840800e+00       -1.30656700e-08    0.00   21.20
   12  88888.52        3.63864200e+00       -1.05183700e-08    0.00   21.20
   13  88888.88        3.93835600e+00        2.57394300e-08    0.00   20.89
   14  88889.17        4.28819900e+00       -8.22517000e-09    0.00   20.89
   15  88889.42        4.56282500e+00       -1.12621700e-08    0.00   20.89
   16  88889.67        4.82358000e+00       -2.14887700e-08    0.00   20.89
   17  88889.99        5.18934200e+00       -5.43377700e-08    0.00   20.92
   18  88890.25        5.47848800e+00       -5.91101700e-08    0.00   20.92
   19  88890.50        5.73865600e+00       -4.54747700e-08    0.00   20.92
   20  88890.81        6.11378400e+00       -4.41731700e-08    0.00   21.16
   21  88891.07        6.42475800e+00       -4.80158700e-08    0.00   21.16
   22  88891.33        6.66359900e+00       -6.70435700e-08    0.00   21.16
   23  88891.57        6.97058000e+00       -7.67742700e-08    0.00   21.16
   24  88891.91        7.31706700e+00       -1.16317070e-07    0.00   20.76
   25  88892.17        7.57636300e+00       -6.38205700e-08    0.00   20.76
   26  88892.42        7.87323200e+00       -5.60112700e-08    0.00   20.76
   27  88892.67        8.17839500e+00       -5.06190700e-08    0.00   20.76
   28  88892.96        8.52125900e+00       -6.32008700e-08    0.00   21.20
   29  88893.21        8.79492700e+00       -1.21585370e-07    0.00   21.20
   30  88893.45        9.07247900e+00       -9.69175700e-08    0.00   21.20
   31  88893.70        9.39456100e+00       -6.64237700e-08    0.00   21.20
   32  88893.99        9.71744600e+00       -8.79237700e-08    0.00   21.20
   33  88894.24        9.96723500e+00       -5.37677700e-08    0.00   21.20
   34  88894.49        1.02718400e+01       -7.95497700e-08    0.00   21.20
   35  88894.76        1.05640300e+01       -1.22873370e-07    0.00   21.20
   36  88895.06        1.09137900e+01       -1.55350470e-07    0.00   20.91
   37  88895.31        1.11631100e+01       -1.53367170e-07    0.00   20.91
   38  88895.56        1.14425000e+01       -1.45495770e-07    0.00   20.91
   39  88895.85        1.18033400e+01       -1.12584770e-07    0.00   21.18
   40  88896.16        1.20450000e+01       -1.49896370e-07    0.00   21.18
   41  88896.41        1.23412100e+01       -1.15187870e-07    0.00   21.18
   42  88896.65        1.26495100e+01       -6.82075700e-08    0.00   21.18
   43  88896.96        1.29999200e+01       -7.55830700e-08    0.00   20.76
   44  88897.22        1.32460800e+01       -1.32046270e-07    0.00   20.76
   45  88897.47        1.35453100e+01       -1.49090570e-07    0.00   20.76
   46  88897.75        1.38813900e+01       -1.95884970e-07    0.00   20.76
   47  88898.03        1.41598300e+01       -1.87269870e-07    0.00   20.85
   48  88898.33        1.44364800e+01       -1.78716770e-07    0.00   20.85
   49  88898.58        1.47435200e+01       -1.48098970e-07    0.00   20.85
   50  88898.88        1.50798700e+01       -1.07812370e-07    0.00   20.89
   51  88899.15        1.53670500e+01       -1.44008270e-07    0.00   20.89
   52  88899.40        1.56397200e+01       -1.70783370e-07    0.00   20.89
   53  88899.65        1.59403100e+01       -1.35454670e-07    0.00   20.89
   54  88899.98        1.62644900e+01       -1.81565170e-07    0.00   20.91
   55  88900.23        1.65377900e+01       -2.16704870e-07    0.00   20.91
   56  88900.48        1.68440400e+01       -2.32385670e-07    0.00   20.91
   57  88900.73        1.71875300e+01       -2.62321670e-07    0.00   20.91
   58  88901.01        1.74242200e+01       -2.24142370e-07    0.00   21.16
   59  88901.26        1.77497400e+01       -1.81438670e-07    0.00   21.16
   60  88901.52        1.80547800e+01       -2.38831470e-07    0.00   21.16
   61  88901.82        1.83315500e+01       -2.34802870e-07    0.00   20.97
   62  88902.06        1.86712500e+01       -2.23336670e-07    0.00   20.97
   63  88902.31        1.89564600e+01       -2.59842470e-07    0.00   20.97
   64  88902.56        1.92134100e+01       -2.48066470e-07    0.00   20.97
   65  88902.80        1.95757000e+01       -2.62259670e-07    0.00   20.85
   66  88903.09        1.98836200e+01       -2.06788170e-07    0.00   20.85
   67  88903.33        2.01549900e+01       -2.07284070e-07    0.00   20.85
   68  88903.57        2.04139600e+01       -2.54140370e-07    0.00   20.85
   69  88903.82        2.07864000e+01       -2.34245070e-07    0.00   20.90
   70  88904.08        2.11004900e+01       -2.70750870e-07    0.00   20.90
   71  88904.32        2.13343000e+01       -2.44843470e-07    0.00   20.90
   72  88904.56        2.16432400e+01       -2.55689870e-07    0.00   20.90
   73  88904.96        2.19891500e+01       -3.36386970e-07    0.00   20.91
   74  88905.20        2.22654200e+01       -3.59381370e-07    0.00   20.91
   75  88905.44        2.25407500e+01       -3.34279670e-07    0.00   20.91
   76  88905.69        2.28555100e+01       -3.00932570e-07    0.00   20.91
   77  88905.99        2.31828000e+01       -2.88533670e-07    0.00   21.17
   78  88906.25        2.34431900e+01       -3.09108570e-07    0.00   21.17
   79  88906.50        2.37477400e+01       -3.09170570e-07    0.00   21.17
   80  88906.75        2.40403800e+01       -2.85680370e-07    0.00   21.17
   81  88907.02        2.43989500e+01       -3.11339870e-07    0.00   20.96
   82  88907.27        2.46493200e+01       -3.35759670e-07    0.00   20.96
   83  88907.52        2.49297600e+01       -3.29561770e-07    0.00   20.96
   84  88907.87        2.53027400e+01       -3.48217570e-07    0.00   21.20
   85  88908.14        2.55434700e+01       -3.40532170e-07    0.00   21.20
   86  88908.39        2.58393100e+01       -3.61171270e-07    0.00   21.20
   87  88908.65        2.61490400e+01       -4.04866670e-07    0.00   21.20
   88  88908.98        2.64934500e+01       -3.50448870e-07    0.00   20.90
   89  88909.24        2.67314000e+01       -2.84006970e-07    0.00   20.90
   90  88909.48        2.70429100e+01       -3.22929970e-07    0.00   20.90
   91  88909.73        2.74023200e+01       -3.07435170e-07    0.00   20.90
   92  88910.01        2.76168400e+01       -3.14810670e-07    0.00   20.75
   93  88910.26        2.79384900e+01       -3.12951270e-07    0.00   20.75
   94  88910.52        2.82467000e+01       -3.14500770e-07    0.00   20.75
   95  88910.82        2.85532400e+01       -3.43507170e-07    0.00   21.19
   96  88911.11        2.88718700e+01       -3.68608770e-07    0.00   21.19
   97  88911.36        2.91429800e+01       -3.56522770e-07    0.00   21.19
   98  88911.60        2.94337700e+01       -3.69918370e-07    0.00   21.19
   99  88911.92        2.97710600e+01       -3.77552570e-07    0.00   20.98
  100  88912.18        3.00460600e+01       -3.32501570e-07    0.00   20.98
  101  88912.43        3.03590200e+01       -3.47004770e-07    0.00   20.98
  102  88912.67        3.06677400e+01       -3.52644870e-07    0.00   20.98
  103  88912.98        3.09810300e+01       -3.68387570e-07    0.00   20.85
  104  88913.25        3.12559700e+01       -4.33279970e-07    0.00   20.85
  105  88913.49        3.15660700e+01       -4.45737770e-07    0.00   20.85
  106  88913.80        3.18859100e+01       -4.12826770e-07    0.00   20.85
  107  88914.10        3.21774400e+01       -4.26896070e-07    0.00   20.91
  108  88914.34        3.24738000e+01       -4.02600170e-07    0.00   20.91
  109  88914.59        3.27792600e+01       -3.56177670e-07    0.00   20.91
  110  88915.00        3.31002700e+01       -3.81341270e-07    0.00   20.92
  111  88915.27        3.33818100e+01       -4.30986670e-07    0.00   20.92
  112  88915.51        3.36860600e+01       -4.37246570e-07    0.00   20.92
  113  88915.86        3.40033400e+01       -4.31668470e-07    0.00   21.20
  114  88916.13        3.43193900e+01       -3.99501170e-07    0.00   21.20
  115  88916.38        3.45749800e+01       -3.92373570e-07    0.00   21.20
  116  88916.63        3.48766200e+01       -3.94047070e-07    0.00   21.20
  117  88916.92        3.52039500e+01       -3.71734470e-07    0.00   20.98
  118  88917.19        3.54783800e+01       -3.25311970e-07    0.00   20.98
  119  88917.44        3.57871500e+01       -3.32319770e-07    0.00   20.98
  120  88917.68        3.60707600e+01       -3.29415070e-07    0.00   20.98
  121  88917.96        3.64132600e+01       -2.96016570e-07    0.00   21.21
  122  88918.21        3.66890100e+01       -3.35683270e-07    0.00   21.21
  123  88918.46        3.69966700e+01       -3.08350470e-07    0.00   21.21
  124  88918.75        3.73150900e+01       -2.68683770e-07    0.00   21.21
  125  88919.02        3.76284900e+01       -2.37694070e-07    0.00   21.22
  126  88919.28        3.79086300e+01       -1.55261670e-07    0.00   21.22
  127  88919.53        3.81870200e+01       -6.88626700e-08    0.00   21.22
  128  88919.88        3.85247600e+01       -2.40516700e-08    0.00   20.92
  129  88920.15        3.88393200e+01        8.41641300e-08    0.00   20.92
  130  88920.40        3.90938000e+01        1.95726730e-07    0.00   20.92
  131  88920.64        3.93561400e+01        2.32294530e-07    0.00   20.92
  132  88920.95        3.97128000e+01        3.91643130e-07    0.00   21.17
  133  88921.23        3.99838100e+01        7.15298730e-07    0.00   21.17
  134  88921.47        4.02321500e+01        8.35662430e-07    0.00   21.17
  135  88921.72        4.05880700e+01        1.12250243e-06    0.00   21.17
  136  88921.97        4.08928800e+01        1.42427933e-06    0.00   21.00
  137  88922.24        4.11689700e+01        1.78382093e-06    0.00   21.00
  138  88922.50        4.14429800e+01        2.25195023e-06    0.00   21.00
  139  88922.77        4.17812800e+01        2.63832883e-06    0.00   21.00
  140  88923.14        4.20868500e+01        3.36001513e-06    0.00   21.21
  141  88923.38        4.23337900e+01        4.87721543e-06    0.00   21.21
  142  88923.63        4.26418300e+01        5.00929323e-06    0.00   21.21
  143  88923.88        4.29767600e+01        7.06886423e-06    0.00   20.93
  144  88924.15        4.33103900e+01        8.70914543e-06    0.00   20.93
  145  88924.40        4.35568900e+01        9.72585333e-06    0.00   20.93
  146  88924.65        4.38331100e+01        1.22222541e-05    0.00   20.93
  147  88924.98        4.41987900e+01        1.41904056e-05    0.00   20.93
  148  88925.22        4.44447900e+01        1.71197935e-05    0.00   20.93
  149  88925.47        4.47471900e+01        2.01298163e-05    0.00   20.93