# Ic = 38.24 A, n = 29.83 , Tavg = 0.00 K, Anneal112_00K___3600s
#idx    t_s     iHTS_A                vHTS_V                tHTS_K  tTAR_K
    0  38686.91        1.77559600e-02       -5.54528800e-08    0.00   20.79
    1  38687.15        3.31852900e-01       -4.84491800e-08    0.00   20.79
    2  38687.41        6.56254600e-01       -1.88230800e-08    0.00   21.22
    3  38687.66        9.42421100e-01       -4.47304800e-08    0.00   21.22
    4  38687.90        1.24278400e+00       -2.08683800e-08    0.00   21.22
    5  38688.15        1.51768800e+00       -3.02892800e-08    0.00   21.22
    6  38688.51        1.86851200e+00       -6.48117800e-08    0.00   21.22
    7  38688.78        2.14163300e+00       -6.97700800e-08    0.00   20.76
    8  38689.02        2.43382800e+00       -5.85524800e-08    0.00   20.76
    9  38689.29        2.77437600e+00       -5.38429800e-08    0.00   20.79
   10  38689.55        3.07433200e+00       -6.49998800e-08    0.00   20.79
   11  38689.80        3.36007400e+00       -9.67332800e-08    0.00   20.79
   12  38690.04        3.63786700e+00       -1.22888580e-07    0.00   20.79
   13  38690.34        3.98796800e+00       -1.07207780e-07    0.00   21.02
   14  38690.61        4.25840700e+00       -1.09253180e-07    0.00   21.02
   15  38690.85        4.56722300e+00       -1.44581280e-07    0.00   21.02
   16  38691.09        4.84421800e+00       -1.35656280e-07    0.00   21.02
   17  38691.34        5.19494400e+00       -1.56481380e-07    0.00   20.82
   18  38691.66        5.47530000e+00       -1.47928180e-07    0.00   20.82
   19  38691.91        5.75193400e+00       -1.27351080e-07    0.00   20.82
   20  38692.15        6.06230900e+00       -1.21153180e-07    0.00   20.82
   21  38692.48        6.41428100e+00       -8.76223800e-08    0.00   21.21
   22  38692.74        6.69295200e+00       -1.00328080e-07    0.00   21.21
   23  38692.99        6.96738100e+00       -1.19293780e-07    0.00   21.21
   24  38693.27        7.31027200e+00       -1.07889580e-07    0.00   21.07
   25  38693.60        7.62877100e+00       -1.20843280e-07    0.00   21.07
   26  38693.84        7.87272100e+00       -1.83256380e-07    0.00   21.07
   27  38694.09        8.15491900e+00       -1.52018880e-07    0.00   21.07
   28  38694.33        8.52395800e+00       -1.61005880e-07    0.00   21.13
   29  38694.62        8.79670300e+00       -1.85363680e-07    0.00   21.13
   30  38694.86        9.07075700e+00       -1.69187580e-07    0.00   21.13
   31  38695.10        9.37508100e+00       -1.53756680e-07    0.00   21.13
   32  38695.43        9.71526800e+00       -1.54378980e-07    0.00   21.01
   33  38695.67        9.96331500e+00       -1.74274280e-07    0.00   21.01
   34  38695.93        1.02684200e+01       -2.07247280e-07    0.00   21.01
   35  38696.18        1.05694100e+01       -1.53821080e-07    0.00   21.01
   36  38696.52        1.08982700e+01       -1.12976780e-07    0.00   20.83
   37  38696.78        1.11632300e+01       -1.77993080e-07    0.00   20.83
   38  38697.03        1.14584100e+01       -1.69749780e-07    0.00   20.83
   39  38697.32        1.17600100e+01       -1.77621180e-07    0.00   20.83
   40  38697.57        1.20687900e+01       -1.94169680e-07    0.00   21.08
   41  38697.82        1.23466400e+01       -1.92496180e-07    0.00   21.08
   42  38698.06        1.26295000e+01       -2.11957680e-07    0.00   21.08
   43  38698.36        1.29949400e+01       -2.06813380e-07    0.00   21.06
   44  38698.64        1.32381100e+01       -2.09478480e-07    0.00   21.06
   45  38698.89        1.35409000e+01       -2.30551480e-07    0.00   21.06
   46  38699.15        1.38489500e+01       -1.88467580e-07    0.00   21.06
   47  38699.39        1.41551700e+01       -1.76939380e-07    0.00   21.13
   48  38699.64        1.44385200e+01       -1.98136280e-07    0.00   21.13
   49  38699.88        1.47373000e+01       -2.30427480e-07    0.00   21.13
   50  38700.12        1.50409100e+01       -2.63338480e-07    0.00   21.13
   51  38700.40        1.53582400e+01       -2.48773380e-07    0.00   21.23
   52  38700.64        1.56410300e+01       -2.42947280e-07    0.00   21.23
   53  38700.89        1.59388200e+01       -3.01449580e-07    0.00   21.23
   54  38701.15        1.62249700e+01       -3.08257080e-07    0.00   21.23
   55  38701.40        1.65821300e+01       -3.16496180e-07    0.00   20.83
   56  38701.65        1.68541700e+01       -2.63317880e-07    0.00   20.83
   57  38701.90        1.71476100e+01       -2.57553880e-07    0.00   20.83
   58  38702.14        1.74155500e+01       -2.87303880e-07    0.00   20.83
   59  38702.45        1.77739900e+01       -3.04410180e-07    0.00   21.22
   60  38702.71        1.80996000e+01       -2.53835080e-07    0.00   21.22
   61  38702.95        1.83372300e+01       -2.60900680e-07    0.00   21.22
   62  38703.21        1.86679100e+01       -2.68896080e-07    0.00   21.22
   63  38703.49        1.89884600e+01       -3.07881080e-07    0.00   20.76
   64  38703.75        1.92383300e+01       -2.66602780e-07    0.00   20.76
   65  38704.00        1.95353100e+01       -2.87489880e-07    0.00   20.76
   66  38704.29        1.98930800e+01       -3.11165980e-07    0.00   20.76
   67  38704.59        2.01833600e+01       -2.94989380e-07    0.00   21.14
   68  38704.84        2.04337600e+01       -2.63379880e-07    0.00   21.14
   69  38705.09        2.07450100e+01       -2.75031980e-07    0.00   21.14
   70  38705.40        2.10896000e+01       -2.92200280e-07    0.00   21.01
   71  38705.65        2.13362700e+01       -3.06517480e-07    0.00   21.01
   72  38705.89        2.16425400e+01       -3.43952980e-07    0.00   21.01
   73  38706.14        2.19267900e+01       -3.43829080e-07    0.00   21.01
   74  38706.38        2.22948000e+01       -3.51638480e-07    0.00   20.80
   75  38706.62        2.25738300e+01       -3.17859680e-07    0.00   20.80
   76  38706.88        2.28525900e+01       -3.02921480e-07    0.00   20.80
   77  38707.12        2.31364800e+01       -3.24675180e-07    0.00   20.80
   78  38707.41        2.34747500e+01       -3.27897880e-07    0.00   21.09
   79  38707.65        2.37518100e+01       -3.53433380e-07    0.00   21.09
   80  38707.89        2.40556800e+01       -3.44756280e-07    0.00   21.09
   81  38708.14        2.43652200e+01       -3.58143780e-07    0.00   21.09
   82  38708.42        2.46738100e+01       -3.59879180e-07    0.00   20.76
   83  38708.67        2.49526800e+01       -3.59693280e-07    0.00   20.76
   84  38708.92        2.52582300e+01       -4.05248080e-07    0.00   20.76
   85  38709.17        2.55338700e+01       -3.88699580e-07    0.00   20.76
   86  38709.53        2.58374400e+01       -3.55912480e-07    0.00   21.14
   87  38709.78        2.61527500e+01       -3.52317680e-07    0.00   21.14
   88  38710.04        2.64549100e+01       -3.19964480e-07    0.00   21.14
   89  38710.32        2.67221800e+01       -3.40541680e-07    0.00   21.14
   90  38710.61        2.70723800e+01       -3.97686580e-07    0.00   21.01
   91  38710.86        2.73498700e+01       -4.46836180e-07    0.00   21.01
   92  38711.10        2.76048200e+01       -4.24213780e-07    0.00   21.01
   93  38711.45        2.79753900e+01       -4.25081480e-07    0.00   21.01
   94  38711.74        2.82514900e+01       -4.26878880e-07    0.00   20.85
   95  38711.98        2.85327500e+01       -4.15908480e-07    0.00   20.85
   96  38712.29        2.88703500e+01       -4.34316380e-07    0.00   20.85
   97  38712.72        2.91595300e+01       -3.83425880e-07    0.00   21.24
   98  38712.97        2.94352600e+01       -4.03067980e-07    0.00   21.24
   99  38713.26        2.97917800e+01       -4.20171580e-07    0.00   21.24
  100  38713.57        3.00783000e+01       -4.24076280e-07    0.00   21.07
  101  38713.82        3.03351300e+01       -4.32629380e-07    0.00   21.07
  102  38714.08        3.06620600e+01       -3.90607380e-07    0.00   21.07
  103  38714.43        3.09791000e+01       -4.09696980e-07    0.00   20.80
  104  38714.67        3.12588300e+01       -4.66346180e-07    0.00   20.80
  105  38714.91        3.15734800e+01       -4.57049280e-07    0.00   20.80
  106  38715.16        3.18485700e+01       -4.73039980e-07    0.00   20.80
  107  38715.42        3.21931700e+01       -4.66780080e-07    0.00   21.24
  108  38715.67        3.24788600e+01       -4.26989280e-07    0.00   21.24
  109  38715.92        3.27808200e+01       -4.24757980e-07    0.00   21.24
  110  38716.17        3.30590500e+01       -4.16142880e-07    0.00   21.24
  111  38716.51        3.34020400e+01       -4.29406480e-07    0.00   20.79
  112  38716.75        3.36796600e+01       -4.08891280e-07    0.00   20.79
  113  38717.00        3.39533700e+01       -4.18993980e-07    0.00   20.79
  114  38717.28        3.42745600e+01       -4.79237880e-07    0.00   20.79
  115  38717.63        3.46064800e+01       -4.87295180e-07    0.00   21.25
  116  38717.88        3.48820100e+01       -4.32195580e-07    0.00   21.25
  117  38718.12        3.51437600e+01       -4.27671080e-07    0.00   21.25
  118  38718.42        3.55097400e+01       -4.44715380e-07    0.00   21.09
  119  38718.67        3.57861100e+01       -4.06103080e-07    0.00   21.09
  120  38718.92        3.60653600e+01       -3.65507280e-07    0.00   21.09
  121  38719.16        3.63738400e+01       -3.12081280e-07    0.00   21.09
  122  38719.40        3.67131400e+01       -2.93487380e-07    0.00   20.81
  123  38719.65        3.69991800e+01       -2.89086880e-07    0.00   20.81
  124  38719.89        3.72815100e+01       -2.66588380e-07    0.00   20.81
  125  38720.15        3.75842800e+01       -2.23078880e-07    0.00   20.81
  126  38720.43        3.79355400e+01       -1.18271780e-07    0.00   21.01
  127  38720.70        3.82008200e+01       -7.86668800e-08    0.00   21.01
  128  38720.94        3.84882200e+01       -1.68734800e-08    0.00   21.01
  129  38721.21        3.88047200e+01        6.73565200e-08    0.00   21.01
  130  38721.49        3.91299400e+01        1.48673420e-07    0.00   20.86
  131  38721.74        3.93793300e+01        2.46105020e-07    0.00   20.86
  132  38721.98        3.96822200e+01        4.16176420e-07    0.00   20.86
  133  38722.26        3.99933300e+01        5.99263420e-07    0.00   20.86
  134  38722.51        4.02864000e+01        8.66208620e-07    0.00   21.23
  135  38722.75        4.05641600e+01        1.10327972e-06    0.00   21.23
  136  38722.99        4.08375700e+01        1.38454212e-06    0.00   21.23
  137  38723.32        4.12075900e+01        1.85707282e-06    0.00   21.23
  138  38723.72        4.14833600e+01        2.37199742e-06    0.00   20.78
  139  38723.96        4.17555800e+01        2.74932792e-06    0.00   20.78
  140  38724.22        4.20931000e+01        3.94354642e-06    0.00   20.78
  141  38724.46        4.23699900e+01        4.19629282e-06    0.00   20.82
  142  38724.72        4.26714100e+01        5.60487542e-06    0.00   20.82
  143  38724.97        4.29620900e+01        6.96488742e-06    0.00   20.82
  144  38725.33        4.33075900e+01        8.47327792e-06    0.00   20.82
  145  38725.64        4.35688300e+01        9.77973982e-06    0.00   21.02
  146  38725.90        4.38683000e+01        1.12627187e-05    0.00   21.02
  147  38726.14        4.41432000e+01        1.47287875e-05    0.00   21.02
  148  38726.44        4.44872900e+01        1.71745530e-05    0.00   20.87
  149  38726.69        4.47549700e+01        2.03398362e-05    0.00   20.87