# Ic = 38.19 A, n = 29.10 , Tavg = 0.00 K, Anneal157_00K___3600s
#idx    t_s     iHTS_A                vHTS_V                tHTS_K  tTAR_K
    0  39791.66        4.93064700e-02        4.91990500e-08    0.00   21.06
    1  39792.02        3.91860700e-01        1.87052500e-08    0.00   21.15
    2  39792.30        6.40145100e-01        1.40568500e-08    0.00   21.15
    3  39792.54        9.42020100e-01        4.72776500e-08    0.00   21.15
    4  39792.81        1.28989500e+00        1.47386500e-08    0.00   20.82
    5  39793.06        1.55847900e+00        3.94683500e-08    0.00   20.82
    6  39793.31        1.84425300e+00        1.45526500e-08    0.00   20.82
    7  39793.55        2.13020500e+00       -6.95405000e-09    0.00   20.82
    8  39793.89        2.50460300e+00       -1.20983500e-08    0.00   21.26
    9  39794.17        2.74852400e+00        3.23407500e-08    0.00   21.26
   10  39794.42        3.05586300e+00        1.39329500e-08    0.00   21.26
   11  39794.66        3.36556200e+00        4.32615000e-09    0.00   21.26
   12  39795.02        3.68377900e+00        3.39645000e-09    0.00   20.84
   13  39795.27        3.96102100e+00       -2.62915500e-08    0.00   20.84
   14  39795.51        4.26434500e+00       -1.74285500e-08    0.00   20.84
   15  39795.80        4.60807600e+00       -2.60350000e-10    0.00   20.84
   16  39796.25        4.87290900e+00       -1.13105000e-09    0.00   21.07
   17  39796.50        5.16286600e+00        6.49115000e-09    0.00   21.07
   18  39796.84        5.48440300e+00        1.26890500e-08    0.00   21.07
   19  39797.14        5.79400200e+00       -1.75215000e-09    0.00   20.82
   20  39797.39        6.07144600e+00       -3.00765500e-08    0.00   20.82
   21  39797.63        6.36032700e+00       -4.06130500e-08    0.00   20.82
   22  39797.94        6.73162500e+00       -2.14614500e-08    0.00   20.82
   23  39798.21        6.98052200e+00       -4.24723500e-08    0.00   20.82
   24  39798.46        7.29015500e+00       -3.33614500e-08    0.00   20.82
   25  39798.71        7.58037000e+00       -6.20577500e-08    0.00   20.82
   26  39799.04        7.92362200e+00       -5.99504500e-08    0.00   21.09
   27  39799.30        8.19373600e+00       -4.02411500e-08    0.00   21.09
   28  39799.54        8.48063600e+00       -6.87515500e-08    0.00   21.09
   29  39799.80        8.79258500e+00       -5.97025500e-08    0.00   21.09
   30  39800.06        9.11195000e+00       -4.56953500e-08    0.00   20.84
   31  39800.32        9.38761500e+00       -6.13760500e-08    0.00   20.84
   32  39800.56        9.67224600e+00       -6.12520500e-08    0.00   20.84
   33  39800.89        1.00152900e+01       -7.87921500e-08    0.00   21.07
   34  39801.17        1.02828200e+01       -1.05877050e-07    0.00   21.07
   35  39801.42        1.05833300e+01       -9.10640500e-08    0.00   21.07
   36  39801.66        1.08884300e+01       -7.14166500e-08    0.00   21.07
   37  39801.96        1.11999700e+01       -1.26822150e-07    0.00   21.15
   38  39802.20        1.14687600e+01       -9.86177500e-08    0.00   21.15
   39  39802.45        1.17694400e+01       -8.20674500e-08    0.00   21.15
   40  39802.71        1.20463000e+01       -9.12403500e-08    0.00   21.15
   41  39803.07        1.23866700e+01       -1.03884050e-07    0.00   20.82
   42  39803.33        1.26625600e+01       -9.44632500e-08    0.00   20.82
   43  39803.58        1.29710800e+01       -1.24647050e-07    0.00   20.82
   44  39803.97        1.32822400e+01       -1.33014250e-07    0.00   21.26
   45  39804.27        1.35551600e+01       -1.28365850e-07    0.00   21.26
   46  39804.51        1.38615200e+01       -1.31278850e-07    0.00   21.26
   47  39804.80        1.41787700e+01       -1.10453850e-07    0.00   21.26
   48  39805.06        1.44751400e+01       -9.27278500e-08    0.00   20.84
   49  39805.33        1.47521900e+01       -1.09958050e-07    0.00   20.84
   50  39805.57        1.50389300e+01       -1.21672050e-07    0.00   20.84
   51  39805.83        1.53797800e+01       -1.78506950e-07    0.00   21.06
   52  39806.08        1.56787700e+01       -1.63384050e-07    0.00   21.06
   53  39806.33        1.59545700e+01       -1.40823650e-07    0.00   21.06
   54  39806.57        1.62336000e+01       -1.58549650e-07    0.00   21.06
   55  39806.84        1.65778300e+01       -1.64561650e-07    0.00   21.14
   56  39807.15        1.68567700e+01       -1.62950150e-07    0.00   21.14
   57  39807.39        1.71405900e+01       -1.92576250e-07    0.00   21.14
   58  39807.64        1.74394600e+01       -1.87493950e-07    0.00   21.14
   59  39807.89        1.77824300e+01       -2.03232450e-07    0.00   20.82
   60  39808.14        1.80667000e+01       -2.09301050e-07    0.00   20.82
   61  39808.39        1.83267400e+01       -1.72422450e-07    0.00   20.82
   62  39808.63        1.86532200e+01       -2.08370350e-07    0.00   20.82
   63  39808.88        1.89924800e+01       -1.82648950e-07    0.00   21.25
   64  39809.12        1.92477300e+01       -1.47506850e-07    0.00   21.25
   65  39809.38        1.95284100e+01       -2.00437050e-07    0.00   21.25
   66  39809.62        1.98434100e+01       -1.99693250e-07    0.00   21.25
   67  39809.98        2.02010700e+01       -2.19712550e-07    0.00   20.84
   68  39810.22        2.04597900e+01       -2.19650550e-07    0.00   20.84
   69  39810.48        2.07576300e+01       -2.16613550e-07    0.00   20.84
   70  39810.74        2.10775600e+01       -2.36198950e-07    0.00   20.84
   71  39811.01        2.13793500e+01       -2.39483850e-07    0.00   21.06
   72  39811.26        2.16659800e+01       -2.30125050e-07    0.00   21.06
   73  39811.50        2.19684800e+01       -2.56590150e-07    0.00   21.06
   74  39811.77        2.23209900e+01       -2.69977650e-07    0.00   21.06
   75  39812.03        2.25845900e+01       -2.22935450e-07    0.00   21.15
   76  39812.28        2.28692800e+01       -2.31674550e-07    0.00   21.15
   77  39812.53        2.31720100e+01       -2.32852150e-07    0.00   21.15
   78  39812.89        2.34931000e+01       -2.47107350e-07    0.00   20.82
   79  39813.17        2.37961100e+01       -2.78034950e-07    0.00   20.82
   80  39813.41        2.40632400e+01       -2.75865650e-07    0.00   20.82
   81  39813.67        2.43522100e+01       -2.69852850e-07    0.00   20.82
   82  39813.98        2.46971000e+01       -2.67495650e-07    0.00   20.82
   83  39814.22        2.49753800e+01       -2.76543450e-07    0.00   21.26
   84  39814.46        2.52649200e+01       -3.29907550e-07    0.00   21.26
   85  39814.71        2.55473600e+01       -3.20610650e-07    0.00   21.26
   86  39815.02        2.58889300e+01       -2.69167950e-07    0.00   20.84
   87  39815.26        2.61674100e+01       -3.09578350e-07    0.00   20.84
   88  39815.51        2.64675900e+01       -3.30589350e-07    0.00   20.84
   89  39815.79        2.68087700e+01       -2.81315850e-07    0.00   20.84
   90  39816.12        2.70441800e+01       -2.88443450e-07    0.00   21.06
   91  39816.37        2.73601700e+01       -3.17697650e-07    0.00   21.06
   92  39816.61        2.76405600e+01       -3.52777850e-07    0.00   21.06
   93  39817.01        2.79854700e+01       -3.75586150e-07    0.00   21.06
   94  39817.26        2.82667800e+01       -3.68210650e-07    0.00   21.14
   95  39817.51        2.85656200e+01       -3.36291350e-07    0.00   21.14
   96  39817.80        2.88555000e+01       -3.19804950e-07    0.00   21.14
   97  39818.07        2.91768200e+01       -2.72266850e-07    0.00   20.81
   98  39818.32        2.94696200e+01       -3.04682050e-07    0.00   20.81
   99  39818.57        2.97247100e+01       -3.39514350e-07    0.00   20.81
  100  39818.85        3.00495600e+01       -3.47509650e-07    0.00   20.81
  101  39819.13        3.03976800e+01       -3.16582050e-07    0.00   21.25
  102  39819.39        3.06739800e+01       -3.29969550e-07    0.00   21.25
  103  39819.64        3.09366800e+01       -3.68582950e-07    0.00   21.25
  104  39819.97        3.13028900e+01       -3.88168750e-07    0.00   20.84
  105  39820.22        3.15950500e+01       -3.62509650e-07    0.00   20.84
  106  39820.47        3.18480000e+01       -3.38771550e-07    0.00   20.84
  107  39820.71        3.21775400e+01       -3.67282050e-07    0.00   20.84
  108  39820.95        3.25120900e+01       -3.67653850e-07    0.00   21.06
  109  39821.19        3.27882900e+01       -3.56559650e-07    0.00   21.06
  110  39821.45        3.30459700e+01       -3.86433550e-07    0.00   21.06
  111  39821.69        3.33799300e+01       -3.56931450e-07    0.00   21.06
  112  39822.00        3.37275100e+01       -3.68459650e-07    0.00   21.14
  113  39822.25        3.39935500e+01       -3.62881450e-07    0.00   21.14
  114  39822.50        3.42813400e+01       -3.82095050e-07    0.00   21.14
  115  39822.85        3.46273400e+01       -3.80483550e-07    0.00   20.81
  116  39823.15        3.49369800e+01       -3.64183050e-07    0.00   20.81
  117  39823.39        3.51796600e+01       -3.45093450e-07    0.00   20.81
  118  39823.64        3.54812200e+01       -3.43853850e-07    0.00   20.81
  119  39823.99        3.58334900e+01       -2.95386150e-07    0.00   21.26
  120  39824.25        3.61108400e+01       -2.90551750e-07    0.00   21.26
  121  39824.49        3.63895900e+01       -2.81378850e-07    0.00   21.26
  122  39824.78        3.66998700e+01       -2.60491850e-07    0.00   21.26
  123  39825.06        3.70450500e+01       -2.37993450e-07    0.00   20.84
  124  39825.31        3.72910500e+01       -2.16672650e-07    0.00   20.84
  125  39825.55        3.75764200e+01       -1.49490850e-07    0.00   20.84
  126  39825.80        3.79025500e+01       -1.15963750e-07    0.00   21.06
  127  39826.07        3.82236400e+01       -4.61150500e-08    0.00   21.06
  128  39826.32        3.84995700e+01        4.58620500e-08    0.00   21.06
  129  39826.57        3.88005800e+01        7.74713500e-08    0.00   21.06
  130  39826.81        3.91447300e+01        2.09053150e-07    0.00   21.16
  131  39827.11        3.94214500e+01        3.67533850e-07    0.00   21.16
  132  39827.36        3.96724400e+01        4.88579050e-07    0.00   21.16
  133  39827.61        4.00000600e+01        6.85053050e-07    0.00   21.16
  134  39827.98        4.03104100e+01        9.16111250e-07    0.00   20.82
  135  39828.23        4.06104700e+01        1.13979405e-06    0.00   20.82
  136  39828.48        4.08727700e+01        1.40023045e-06    0.00   20.82
  137  39828.74        4.11891300e+01        1.66116265e-06    0.00   20.82
  138  39829.07        4.14952500e+01        2.22975945e-06    0.00   21.26
  139  39829.35        4.17664000e+01        2.74108745e-06    0.00   21.26
  140  39829.59        4.20684000e+01        3.90313455e-06    0.00   21.26
  141  39829.86        4.23426200e+01        4.06620165e-06    0.00   20.85
  142  39830.15        4.27052200e+01        5.34985185e-06    0.00   20.85
  143  39830.40        4.29648200e+01        6.58986875e-06    0.00   20.85
  144  39830.65        4.32552200e+01        8.17126675e-06    0.00   20.85
  145  39830.97        4.35903100e+01        9.49098885e-06    0.00   21.07
  146  39831.22        4.39071200e+01        1.13905877e-05    0.00   21.07
  147  39831.48        4.41550000e+01        1.28559151e-05    0.00   21.07
  148  39831.73        4.44361800e+01        1.60127006e-05    0.00   21.07
  149  39832.02        4.48003100e+01        1.93886444e-05    0.00   20.81
  150  39832.26        4.50824800e+01        2.42039926e-05    0.00   20.81