# Ic = 38.19 A, n = 29.43 , Tavg = 0.00 K, Anneal124_00K___3600s
#idx    t_s     iHTS_A                vHTS_V                tHTS_K  tTAR_K
    0  74070.09        6.94829300e-02        2.38558700e-08    0.00   20.79
    1  74070.34        3.86553400e-01       -1.17822300e-08    0.00   20.79
    2  74070.59        6.67202900e-01        1.87735700e-08    0.00   20.79
    3  74070.87        1.01109400e+00       -2.16370300e-08    0.00   21.25
    4  74071.14        1.29028400e+00       -2.17609300e-08    0.00   21.25
    5  74071.39        1.56042800e+00       -4.40030000e-10    0.00   21.25
    6  74071.64        1.87109100e+00       -5.61595300e-08    0.00   21.25
    7  74071.96        2.20991500e+00       -3.23594300e-08    0.00   20.90
    8  74072.21        2.52284500e+00        6.68757000e-09    0.00   20.90
    9  74072.46        2.77194100e+00       -4.84741300e-08    0.00   20.90
   10  74072.72        3.12522900e+00       -6.66340300e-08    0.00   20.90
   11  74072.99        3.42811000e+00       -6.40309300e-08    0.00   20.99
   12  74073.24        3.68115700e+00       -6.08699300e-08    0.00   20.99
   13  74073.48        3.98350700e+00       -3.61402300e-08    0.00   20.99
   14  74073.77        4.35567700e+00       -3.67599300e-08    0.00   21.19
   15  74074.07        4.63564500e+00       -4.53131300e-08    0.00   21.19
   16  74074.31        4.88624800e+00       -4.79162300e-08    0.00   21.19
   17  74074.56        5.19409400e+00       -6.80591300e-08    0.00   21.19
   18  74074.95        5.54596700e+00       -7.35732300e-08    0.00   20.79
   19  74075.24        5.80137000e+00       -1.10511230e-07    0.00   20.79
   20  74075.48        6.10151600e+00       -9.47064300e-08    0.00   20.79
   21  74075.84        6.42252700e+00       -1.21233630e-07    0.00   20.79
   22  74076.14        6.75764300e+00       -5.31183300e-08    0.00   21.24
   23  74076.40        7.00764900e+00        4.02677000e-09    0.00   21.24
   24  74076.64        7.30129000e+00       -1.61165300e-08    0.00   21.24
   25  74076.96        7.66706500e+00       -3.01859300e-08    0.00   20.90
   26  74077.22        7.94807700e+00       -5.88823300e-08    0.00   20.90
   27  74077.46        8.20325600e+00       -9.22273300e-08    0.00   20.90
   28  74077.73        8.57297900e+00       -1.07660130e-07    0.00   20.90
   29  74078.05        8.86455000e+00       -8.53475300e-08    0.00   20.99
   30  74078.31        9.11076100e+00       -5.54735300e-08    0.00   20.99
   31  74078.55        9.41272300e+00       -6.92329300e-08    0.00   20.99
   32  74078.91        9.76178500e+00       -8.27444300e-08    0.00   20.99
   33  74079.17        1.00010000e+01       -1.04003430e-07    0.00   21.19
   34  74079.43        1.03082000e+01       -1.09147630e-07    0.00   21.19
   35  74079.67        1.06119900e+01       -8.59054300e-08    0.00   21.19
   36  74080.01        1.09526000e+01       -9.37148300e-08    0.00   20.79
   37  74080.26        1.11981000e+01       -1.60590630e-07    0.00   20.79
   38  74080.51        1.14993700e+01       -1.15345730e-07    0.00   20.79
   39  74080.87        1.18457500e+01       -9.81776300e-08    0.00   21.24
   40  74081.14        1.20908200e+01       -1.13486730e-07    0.00   21.24
   41  74081.38        1.23818500e+01       -1.07040830e-07    0.00   21.24
   42  74081.63        1.26692100e+01       -1.29849330e-07    0.00   21.24
   43  74081.91        1.30354400e+01       -1.69949930e-07    0.00   20.90
   44  74082.19        1.32836400e+01       -1.67160930e-07    0.00   20.90
   45  74082.44        1.35816900e+01       -1.22349730e-07    0.00   20.90
   46  74082.68        1.38896800e+01       -1.45778030e-07    0.00   20.90
   47  74082.95        1.41989100e+01       -1.59723330e-07    0.00   20.97
   48  74083.20        1.44914200e+01       -1.43174830e-07    0.00   20.97
   49  74083.44        1.47788800e+01       -1.08652330e-07    0.00   20.97
   50  74083.69        1.50834500e+01       -1.18816930e-07    0.00   20.97
   51  74084.02        1.53975800e+01       -1.32700330e-07    0.00   21.19
   52  74084.26        1.56773000e+01       -1.35117530e-07    0.00   21.19
   53  74084.52        1.59826600e+01       -1.58297830e-07    0.00   21.19
   54  74084.90        1.63000700e+01       -1.42555030e-07    0.00   20.79
   55  74085.16        1.66059300e+01       -1.50736330e-07    0.00   20.79
   56  74085.40        1.68814800e+01       -1.63999930e-07    0.00   20.79
   57  74085.65        1.71696300e+01       -1.87800030e-07    0.00   20.79
   58  74085.95        1.75064100e+01       -1.70879630e-07    0.00   21.23
   59  74086.20        1.78124700e+01       -1.15779930e-07    0.00   21.23
   60  74086.46        1.80932800e+01       -1.15842730e-07    0.00   21.23
   61  74086.72        1.84044100e+01       -1.38404230e-07    0.00   21.23
   62  74086.99        1.87169200e+01       -1.80117130e-07    0.00   20.90
   63  74087.24        1.89997500e+01       -1.82162430e-07    0.00   20.90
   64  74087.48        1.92678000e+01       -1.72865530e-07    0.00   20.90
   65  74087.74        1.96268300e+01       -1.66791530e-07    0.00   20.90
   66  74088.02        1.98809700e+01       -1.62514930e-07    0.00   20.96
   67  74088.28        2.01971400e+01       -1.79497330e-07    0.00   20.96
   68  74088.52        2.04717200e+01       -2.12284430e-07    0.00   20.96
   69  74088.89        2.07771500e+01       -1.92389030e-07    0.00   20.96
   70  74089.20        2.11086600e+01       -2.18730330e-07    0.00   21.18
   71  74089.44        2.13682000e+01       -2.08627630e-07    0.00   21.18
   72  74089.69        2.16628000e+01       -1.68093130e-07    0.00   21.18
   73  74090.03        2.20211400e+01       -1.81914530e-07    0.00   20.78
   74  74090.29        2.23064300e+01       -1.92698930e-07    0.00   20.78
   75  74090.54        2.25643800e+01       -2.00694230e-07    0.00   20.78
   76  74090.89        2.29272300e+01       -2.06644330e-07    0.00   21.23
   77  74091.14        2.32004900e+01       -2.22263130e-07    0.00   21.23
   78  74091.39        2.34612300e+01       -1.92698930e-07    0.00   21.23
   79  74091.63        2.37850200e+01       -2.02863530e-07    0.00   21.23
   80  74091.91        2.41291500e+01       -2.18234430e-07    0.00   20.90
   81  74092.20        2.44163300e+01       -1.99206730e-07    0.00   20.90
   82  74092.44        2.46814100e+01       -1.91152730e-07    0.00   20.90
   83  74092.69        2.49850700e+01       -2.01382630e-07    0.00   20.90
   84  74093.03        2.52812800e+01       -2.22767130e-07    0.00   20.96
   85  74093.27        2.55812200e+01       -2.24750530e-07    0.00   20.96
   86  74093.52        2.58820000e+01       -2.13594230e-07    0.00   20.96
   87  74093.93        2.62191500e+01       -1.76964430e-07    0.00   21.19
   88  74094.20        2.65113000e+01       -2.10061430e-07    0.00   21.19
   89  74094.44        2.67672500e+01       -2.28221330e-07    0.00   21.19
   90  74094.69        2.70621900e+01       -2.09007730e-07    0.00   21.19
   91  74094.98        2.74238400e+01       -2.32374030e-07    0.00   20.77
   92  74095.22        2.76899400e+01       -2.35163030e-07    0.00   20.77
   93  74095.47        2.79761900e+01       -2.56793830e-07    0.00   20.77
   94  74095.76        2.83474000e+01       -2.67082430e-07    0.00   20.77
   95  74096.07        2.86220700e+01       -2.54810530e-07    0.00   21.22
   96  74096.31        2.88763000e+01       -2.55678230e-07    0.00   21.22
   97  74096.56        2.91784100e+01       -2.68941830e-07    0.00   21.22
   98  74096.82        2.95204800e+01       -2.40617230e-07    0.00   20.90
   99  74097.15        2.97817300e+01       -2.43840130e-07    0.00   20.90
  100  74097.40        3.00784200e+01       -2.57723530e-07    0.00   20.90
  101  74097.64        3.03904900e+01       -2.75325730e-07    0.00   20.90
  102  74097.98        3.07369800e+01       -2.97762230e-07    0.00   21.24
  103  74098.23        3.09950200e+01       -2.84558130e-07    0.00   21.24
  104  74098.47        3.12951600e+01       -2.62488530e-07    0.00   21.24
  105  74098.76        3.16631700e+01       -2.87027330e-07    0.00   21.24
  106  74099.07        3.19230700e+01       -2.96696130e-07    0.00   21.18
  107  74099.31        3.22047200e+01       -2.58392830e-07    0.00   21.18
  108  74099.56        3.25031000e+01       -2.30564130e-07    0.00   21.18
  109  74099.86        3.28558700e+01       -2.14015630e-07    0.00   20.77
  110  74100.14        3.31007100e+01       -2.31555730e-07    0.00   20.77
  111  74100.38        3.34040800e+01       -2.66636130e-07    0.00   20.77
  112  74100.63        3.37165200e+01       -3.11013430e-07    0.00   20.77
  113  74100.91        3.40313300e+01       -2.95208630e-07    0.00   21.22
  114  74101.18        3.43055100e+01       -3.14794130e-07    0.00   21.22
  115  74101.43        3.46097400e+01       -2.80581530e-07    0.00   21.22
  116  74101.68        3.48976200e+01       -2.31245830e-07    0.00   21.22
  117  74101.98        3.52371400e+01       -2.46864730e-07    0.00   20.90
  118  74102.23        3.55154100e+01       -2.33911030e-07    0.00   20.90
  119  74102.48        3.58217400e+01       -2.14449430e-07    0.00   20.90
  120  74102.73        3.61567400e+01       -2.05276530e-07    0.00   20.90
  121  74103.00        3.64461500e+01       -1.65981530e-07    0.00   20.77
  122  74103.29        3.67585500e+01       -1.58420030e-07    0.00   20.77
  123  74103.54        3.70363200e+01       -1.91703030e-07    0.00   20.77
  124  74103.92        3.73541600e+01       -1.44040830e-07    0.00   20.77
  125  74104.17        3.76273400e+01       -9.22317300e-08    0.00   21.18
  126  74104.42        3.79300700e+01       -5.65392300e-08    0.00   21.18
  127  74104.66        3.82162300e+01        2.35324700e-08    0.00   21.18
  128  74105.00        3.85543900e+01        1.07266570e-07    0.00   20.77
  129  74105.26        3.88317800e+01        2.07611170e-07    0.00   20.77
  130  74105.51        3.91282600e+01        3.19483870e-07    0.00   20.77
  131  74105.85        3.94515300e+01        4.46293670e-07    0.00   21.22
  132  74106.11        3.97288300e+01        5.78991470e-07    0.00   21.22
  133  74106.35        4.00177500e+01        7.38650270e-07    0.00   21.22
  134  74106.60        4.02887100e+01        9.08349770e-07    0.00   21.22
  135  74106.96        4.06279100e+01        1.12540157e-06    0.00   20.90
  136  74107.20        4.09140800e+01        1.53929967e-06    0.00   20.90
  137  74107.45        4.12021700e+01        1.84560177e-06    0.00   20.90
  138  74107.72        4.14882700e+01        2.22565917e-06    0.00   20.90
  139  74107.99        4.18143000e+01        3.50138037e-06    0.00   20.95
  140  74108.25        4.21061400e+01        3.60383227e-06    0.00   20.95
  141  74108.50        4.23772600e+01        4.80344287e-06    0.00   20.95
  142  74108.86        4.27211300e+01        5.91392707e-06    0.00   21.19
  143  74109.14        4.30062500e+01        7.15215067e-06    0.00   21.19
  144  74109.38        4.33021000e+01        8.43766467e-06    0.00   21.19
  145  74109.65        4.35514500e+01        1.00260717e-05    0.00   21.19
  146  74109.99        4.39185000e+01        1.13658795e-05    0.00   20.96
  147  74110.24        4.42038300e+01        1.34714006e-05    0.00   20.96
  148  74110.49        4.44732300e+01        1.73023401e-05    0.00   20.96
  149  74110.83        4.48357000e+01        2.04274595e-05    0.00   20.96