# Ic = 37.84 A, n = 27.09 , Tavg = 0.00 K, Anneal163_00K___3600s
#idx    t_s     iHTS_A                vHTS_V                tHTS_K  tTAR_K
    0  61803.32        8.58349700e-02       -5.39270000e-10    0.00   20.81
    1  61803.56        3.90348700e-01        8.26183000e-09    0.00   20.81
    2  61803.81        6.61074400e-01        4.09867300e-08    0.00   20.81
    3  61804.09        1.00827300e+00        1.34060300e-08    0.00   21.25
    4  61804.34        1.29141400e+00        2.09689300e-08    0.00   21.25
    5  61804.58        1.54970500e+00        1.88051300e-08    0.00   21.25
    6  61804.90        1.91629800e+00       -4.55547000e-09    0.00   21.25
    7  61805.16        2.18849500e+00        4.06103000e-09    0.00   20.80
    8  61805.42        2.49068500e+00        1.83162300e-08    0.00   20.80
    9  61805.67        2.77689800e+00        2.69753000e-09    0.00   20.80
   10  61805.92        3.12089000e+00        2.36464300e-08    0.00   20.80
   11  61806.17        3.40230800e+00       -1.05040700e-08    0.00   20.80
   12  61806.42        3.67842300e+00        4.37093000e-09    0.00   20.80
   13  61806.68        3.98966800e+00       -7.77697000e-09    0.00   20.80
   14  61807.02        4.33076800e+00       -1.28592700e-08    0.00   21.08
   15  61807.30        4.61166600e+00       -1.24253700e-08    0.00   21.08
   16  61807.54        4.88817000e+00       -6.66137000e-09    0.00   21.08
   17  61807.83        5.23901600e+00       -2.44493700e-08    0.00   20.82
   18  61808.12        5.54425200e+00       -3.03373700e-08    0.00   20.82
   19  61808.38        5.79555100e+00        1.39593000e-09    0.00   20.82
   20  61808.63        6.08271700e+00       -1.84373700e-08    0.00   20.82
   21  61808.96        6.45393300e+00       -6.78527000e-09    0.00   21.25
   22  61809.22        6.73547100e+00       -2.38477000e-09    0.00   21.25
   23  61809.47        7.01401000e+00       -3.12857000e-09    0.00   21.25
   24  61809.71        7.30391400e+00       -1.00081700e-08    0.00   21.25
   25  61810.02        7.66929000e+00       -1.94910700e-08    0.00   20.81
   26  61810.27        7.92064700e+00       -2.39539700e-08    0.00   20.81
   27  61810.52        8.22122400e+00       -3.31909700e-08    0.00   20.81
   28  61810.85        8.57330300e+00       -5.25920700e-08    0.00   21.10
   29  61811.10        8.86099400e+00       -1.38551700e-08    0.00   21.10
   30  61811.34        9.11834900e+00        1.01927300e-08    0.00   21.10
   31  61811.59        9.42042000e+00       -4.14358700e-08    0.00   21.10
   32  61811.86        9.76127800e+00       -3.63535700e-08    0.00   21.25
   33  61812.14        9.99049800e+00       -1.57764700e-08    0.00   21.25
   34  61812.39        1.03116300e+01       -3.22009700e-08    0.00   21.25
   35  61812.63        1.06157000e+01        3.12713000e-09    0.00   21.25
   36  61813.01        1.09594700e+01       -1.75118700e-08    0.00   21.25
   37  61813.30        1.12046600e+01       -2.86681700e-08    0.00   20.81
   38  61813.54        1.15014700e+01       -5.83561700e-08    0.00   20.81
   39  61813.89        1.18412400e+01       -4.49066700e-08    0.00   21.25
   40  61814.18        1.21190400e+01       -2.35858700e-08    0.00   21.25
   41  61814.43        1.23865100e+01       -1.74499700e-08    0.00   21.25
   42  61814.67        1.26742800e+01        6.35003000e-09    0.00   21.25
   43  61814.99        1.30388700e+01       -4.10639700e-08    0.00   20.80
   44  61815.24        1.33187500e+01       -1.62723700e-08    0.00   20.80
   45  61815.49        1.35716300e+01        1.12464300e-08    0.00   20.80
   46  61815.78        1.39491400e+01       -1.87514700e-08    0.00   20.80
   47  61816.09        1.42059500e+01       -5.58149700e-08    0.00   20.80
   48  61816.34        1.44600500e+01       -4.48482700e-08    0.00   20.80
   49  61816.59        1.47838500e+01       -3.90869700e-08    0.00   20.80
   50  61816.84        1.51273200e+01       -2.45845700e-08    0.00   21.24
   51  61817.12        1.54088400e+01       -8.48282700e-08    0.00   21.24
   52  61817.36        1.56776400e+01       -1.08194370e-07    0.00   21.24
   53  61817.60        1.59864700e+01       -6.62344700e-08    0.00   21.24
   54  61817.90        1.63060000e+01       -4.74548700e-08    0.00   20.83
   55  61818.19        1.65827900e+01       -9.14599700e-08    0.00   20.83
   56  61818.43        1.68897900e+01       -6.32595700e-08    0.00   20.83
   57  61818.69        1.71976900e+01       -7.42917700e-08    0.00   20.83
   58  61818.99        1.75128700e+01       -8.04277700e-08    0.00   21.04
   59  61819.26        1.78010100e+01       -8.02417700e-08    0.00   21.04
   60  61819.50        1.81041900e+01       -1.08442270e-07    0.00   21.04
   61  61819.79        1.84313500e+01       -6.83417700e-08    0.00   21.04
   62  61820.04        1.87229000e+01       -7.63990700e-08    0.00   21.13
   63  61820.29        1.90073900e+01       -1.00508970e-07    0.00   21.13
   64  61820.55        1.92756000e+01       -6.36933700e-08    0.00   21.13
   65  61820.84        1.96288300e+01       -8.52000700e-08    0.00   20.80
   66  61821.10        1.99269800e+01       -1.09062070e-07    0.00   20.80
   67  61821.35        2.02016000e+01       -7.70808700e-08    0.00   20.80
   68  61821.61        2.04803300e+01       -7.72047700e-08    0.00   20.80
   69  61821.97        2.07729300e+01       -9.34433700e-08    0.00   21.24
   70  61822.25        2.11190900e+01       -8.48287700e-08    0.00   21.24
   71  61822.49        2.13796300e+01       -9.02833700e-08    0.00   21.24
   72  61822.74        2.16838100e+01       -8.24740700e-08    0.00   21.24
   73  61823.05        2.20231500e+01       -1.01687570e-07    0.00   20.82
   74  61823.31        2.23081600e+01       -1.11170370e-07    0.00   20.82
   75  61823.55        2.25853200e+01       -1.17740170e-07    0.00   20.82
   76  61823.93        2.29327200e+01       -1.05654270e-07    0.00   20.82
   77  61824.18        2.32071400e+01       -9.25146700e-08    0.00   21.25
   78  61824.42        2.34850200e+01       -1.17988070e-07    0.00   21.25
   79  61824.67        2.37888200e+01       -1.09868870e-07    0.00   21.25
   80  61825.01        2.41349400e+01       -9.41881700e-08    0.00   20.78
   81  61825.27        2.43983200e+01       -1.09496970e-07    0.00   20.78
   82  61825.51        2.46883500e+01       -1.16252670e-07    0.00   20.78
   83  61825.79        2.50490000e+01       -1.69182870e-07    0.00   20.79
   84  61826.10        2.53629100e+01       -1.63294870e-07    0.00   20.79
   85  61826.35        2.55783700e+01       -1.15880870e-07    0.00   20.79
   86  61826.61        2.58865000e+01       -1.08815170e-07    0.00   20.79
   87  61827.02        2.62255400e+01       -1.25487570e-07    0.00   21.06
   88  61827.27        2.65029300e+01       -1.22326670e-07    0.00   21.06
   89  61827.52        2.67760700e+01       -1.47366170e-07    0.00   21.06
   90  61827.85        2.71238800e+01       -1.47180270e-07    0.00   20.81
   91  61828.16        2.74250900e+01       -1.11298970e-07    0.00   20.81
   92  61828.40        2.76723100e+01       -1.18369070e-07    0.00   20.81
   93  61828.65        2.79642100e+01       -1.71361170e-07    0.00   20.81
   94  61829.03        2.83260200e+01       -1.67146670e-07    0.00   21.23
   95  61829.29        2.86056200e+01       -1.64233570e-07    0.00   21.23
   96  61829.53        2.88709700e+01       -1.31694570e-07    0.00   21.23
   97  61829.84        2.92255000e+01       -1.62064370e-07    0.00   21.23
   98  61830.16        2.95120700e+01       -1.27480070e-07    0.00   20.79
   99  61830.40        2.97576300e+01       -1.16385770e-07    0.00   20.79
  100  61830.65        3.00926700e+01       -1.52147670e-07    0.00   20.79
  101  61831.01        3.04345000e+01       -1.58655470e-07    0.00   21.10
  102  61831.26        3.07188200e+01       -1.05043570e-07    0.00   21.10
  103  61831.51        3.09953000e+01       -1.47685170e-07    0.00   21.10
  104  61831.75        3.13635600e+01       -1.57663870e-07    0.00   21.23
  105  61832.07        3.16310200e+01       -1.77807070e-07    0.00   21.23
  106  61832.33        3.19022900e+01       -1.29277470e-07    0.00   21.23
  107  61832.57        3.22069100e+01       -1.10807670e-07    0.00   21.23
  108  61832.83        3.25083900e+01       -1.68882070e-07    0.00   20.81
  109  61833.15        3.28573300e+01       -1.51837770e-07    0.00   20.81
  110  61833.39        3.31027400e+01       -1.19298770e-07    0.00   20.81
  111  61833.63        3.33931900e+01       -1.09692070e-07    0.00   20.81
  112  61833.96        3.37614300e+01       -1.16756770e-07    0.00   21.24
  113  61834.22        3.40104900e+01       -1.08882770e-07    0.00   21.24
  114  61834.46        3.43148100e+01       -1.27165670e-07    0.00   21.24
  115  61834.70        3.46192600e+01       -1.21773570e-07    0.00   21.24
  116  61834.95        3.49543700e+01       -1.10927170e-07    0.00   21.12
  117  61835.20        3.52188400e+01       -6.54345700e-08    0.00   21.12
  118  61835.45        3.55236000e+01       -7.02688700e-08    0.00   21.12
  119  61835.70        3.58288600e+01       -5.10553700e-08    0.00   21.12
  120  61835.98        3.61462500e+01       -3.85975700e-08    0.00   20.79
  121  61836.24        3.64535400e+01       -7.77683700e-08    0.00   20.79
  122  61836.49        3.67288100e+01       -3.85975700e-08    0.00   20.79
  123  61836.74        3.70603400e+01        3.35460300e-08    0.00   20.79
  124  61836.98        3.73486200e+01        3.26783300e-08    0.00   21.24
  125  61837.23        3.76733200e+01        8.31293300e-08    0.00   21.24
  126  61837.49        3.79414900e+01        1.91902530e-07    0.00   21.24
  127  61837.80        3.82269100e+01        2.32808730e-07    0.00   21.24
  128  61838.07        3.85573700e+01        2.83197730e-07    0.00   20.81
  129  61838.32        3.88376900e+01        3.68666830e-07    0.00   20.81
  130  61838.57        3.91178800e+01        4.60024030e-07    0.00   20.81
  131  61838.90        3.94581100e+01        5.69726930e-07    0.00   21.05
  132  61839.19        3.97253000e+01        7.89132830e-07    0.00   21.05
  133  61839.44        4.00219900e+01        8.97658230e-07    0.00   21.05
  134  61839.68        4.02966200e+01        1.10522613e-06    0.00   21.05
  135  61839.96        4.06387400e+01        1.26531993e-06    0.00   21.12
  136  61840.20        4.08912000e+01        1.58984473e-06    0.00   21.12
  137  61840.45        4.12122400e+01        1.89626983e-06    0.00   21.12
  138  61840.69        4.14920900e+01        2.22054443e-06    0.00   21.12
  139  61841.05        4.18233100e+01        3.46310113e-06    0.00   21.11
  140  61841.37        4.21073700e+01        3.52656773e-06    0.00   21.11
  141  61841.61        4.23948200e+01        4.59062463e-06    0.00   21.11
  142  61842.04        4.27246300e+01        5.72496593e-06    0.00   21.06
  143  61842.30        4.30001300e+01        6.85118783e-06    0.00   21.06
  144  61842.54        4.33047700e+01        7.80343453e-06    0.00   21.06
  145  61842.89        4.36089100e+01        8.97527303e-06    0.00   20.81
  146  61843.20        4.39403900e+01        1.14241286e-05    0.00   20.81
  147  61843.44        4.42207600e+01        1.33830396e-05    0.00   20.81
  148  61843.68        4.44732900e+01        1.55234872e-05    0.00   20.81
  149  61843.99        4.48282700e+01        1.87341276e-05    0.00   21.25
  150  61844.24        4.51470300e+01        2.40554656e-05    0.00   21.25