# Ic = 38.02 A, n = 28.69 , Tavg = 0.00 K, Anneal124_00K___3600s
#idx    t_s     iHTS_A                vHTS_V                tHTS_K  tTAR_K
    0  73939.60        3.79350400e-02        9.28486400e-08    0.00   21.01
    1  73939.85        4.05411500e-01        4.94011400e-08    0.00   20.90
    2  73940.12        6.61495600e-01        4.07239400e-08    0.00   20.90
    3  73940.37        9.60203000e-01        4.94011400e-08    0.00   20.90
    4  73940.61        1.24446700e+00        4.20875400e-08    0.00   20.90
    5  73940.87        1.58355300e+00        4.29552400e-08    0.00   21.26
    6  73941.13        1.86300700e+00        8.12284000e-09    0.00   21.26
    7  73941.37        2.16241800e+00       -3.09861600e-08    0.00   21.26
    8  73941.62        2.45051100e+00        8.09240000e-10    0.00   21.26
    9  73941.99        2.79292900e+00        3.60135400e-08    0.00   20.81
   10  73942.24        3.08536000e+00        5.90079400e-08    0.00   20.81
   11  73942.49        3.36358800e+00        1.79775400e-08    0.00   20.81
   12  73942.79        3.70867100e+00        6.32544000e-09    0.00   21.21
   13  73943.09        3.97970100e+00       -2.99945600e-08    0.00   21.21
   14  73943.33        4.27963000e+00       -3.68122600e-08    0.00   21.21
   15  73943.57        4.58503400e+00       -4.72247600e-08    0.00   21.21
   16  73943.93        4.90066900e+00       -2.86309600e-08    0.00   21.02
   17  73944.19        5.18135600e+00        4.34204000e-09    0.00   21.02
   18  73944.44        5.49203500e+00       -1.00991600e-08    0.00   21.02
   19  73944.68        5.77604700e+00       -1.11527600e-08    0.00   21.02
   20  73944.95        6.12272100e+00       -6.69026000e-09    0.00   20.90
   21  73945.20        6.41536000e+00       -3.04056000e-09    0.00   20.90
   22  73945.45        6.71047000e+00        1.62293400e-08    0.00   20.90
   23  73945.69        6.97105500e+00       -3.34794600e-08    0.00   20.90
   24  73945.99        7.33518800e+00       -2.21992600e-08    0.00   21.26
   25  73946.24        7.61921900e+00       -1.86663600e-08    0.00   21.26
   26  73946.50        7.89481300e+00       -4.99039600e-08    0.00   21.26
   27  73946.77        8.25256000e+00       -6.54608600e-08    0.00   20.81
   28  73947.05        8.54140800e+00       -6.61425600e-08    0.00   20.81
   29  73947.31        8.81517900e+00       -6.52748600e-08    0.00   20.81
   30  73947.55        9.08927900e+00       -6.40972600e-08    0.00   20.81
   31  73947.93        9.42859000e+00       -9.37853600e-08    0.00   21.20
   32  73948.18        9.70704000e+00       -9.89916600e-08    0.00   21.20
   33  73948.42        9.98259800e+00       -8.56041600e-08    0.00   21.20
   34  73948.66        1.02928500e+01       -7.97780600e-08    0.00   21.20
   35  73948.96        1.05871700e+01       -7.79186600e-08    0.00   21.02
   36  73949.21        1.09430900e+01       -2.97607600e-08    0.00   21.02
   37  73949.47        1.11828400e+01       -6.33535600e-08    0.00   21.02
   38  73949.72        1.14825600e+01       -1.11387560e-07    0.00   21.02
   39  73950.03        1.18274700e+01       -1.07916660e-07    0.00   20.88
   40  73950.29        1.20675400e+01       -9.44051600e-08    0.00   20.88
   41  73950.54        1.23541200e+01       -7.87863600e-08    0.00   20.88
   42  73950.86        1.27118600e+01       -7.74228600e-08    0.00   21.26
   43  73951.17        1.29837500e+01       -8.20786600e-08    0.00   21.26
   44  73951.41        1.32367500e+01       -9.63388600e-08    0.00   21.26
   45  73951.67        1.35688500e+01       -6.46054600e-08    0.00   21.26
   46  73951.96        1.39127000e+01       -8.96450600e-08    0.00   20.80
   47  73952.22        1.41859500e+01       -8.33851600e-08    0.00   20.80
   48  73952.46        1.44580900e+01       -9.45414600e-08    0.00   20.80
   49  73952.71        1.48059600e+01       -1.18713360e-07    0.00   20.80
   50  73953.01        1.50552900e+01       -1.03776360e-07    0.00   21.19
   51  73953.27        1.53547200e+01       -1.27018560e-07    0.00   21.19
   52  73953.51        1.56562000e+01       -1.43876960e-07    0.00   21.19
   53  73953.76        1.59725700e+01       -1.34146260e-07    0.00   21.19
   54  73954.03        1.62832900e+01       -1.47409760e-07    0.00   21.02
   55  73954.28        1.65615300e+01       -1.05697660e-07    0.00   21.02
   56  73954.53        1.68434000e+01       -1.08052960e-07    0.00   21.02
   57  73954.77        1.72143300e+01       -1.74680660e-07    0.00   20.87
   58  73955.08        1.74923600e+01       -1.75424460e-07    0.00   20.87
   59  73955.32        1.77696500e+01       -1.66809360e-07    0.00   20.87
   60  73955.57        1.80806500e+01       -1.62656660e-07    0.00   20.87
   61  73955.93        1.83934400e+01       -1.39042560e-07    0.00   21.25
   62  73956.22        1.86899100e+01       -1.68234860e-07    0.00   21.25
   63  73956.46        1.89760400e+01       -1.92902660e-07    0.00   21.25
   64  73956.72        1.93162100e+01       -1.61355160e-07    0.00   21.25
   65  73957.00        1.95984000e+01       -1.48707860e-07    0.00   20.80
   66  73957.25        1.98781600e+01       -1.68662460e-07    0.00   20.80
   67  73957.50        2.01783700e+01       -1.82917060e-07    0.00   20.80
   68  73958.01        2.04941200e+01       -1.77090960e-07    0.00   21.18
   69  73958.26        2.07749100e+01       -2.02130660e-07    0.00   21.18
   70  73958.51        2.10757000e+01       -1.89176960e-07    0.00   21.18
   71  73958.81        2.14011800e+01       -1.65686760e-07    0.00   21.02
   72  73959.09        2.16751500e+01       -1.60480560e-07    0.00   21.02
   73  73959.33        2.19746900e+01       -1.86511860e-07    0.00   21.02
   74  73959.58        2.22839100e+01       -2.06283260e-07    0.00   21.02
   75  73959.91        2.25960700e+01       -2.32500460e-07    0.00   20.86
   76  73960.17        2.28774400e+01       -2.37458860e-07    0.00   20.86
   77  73960.41        2.31803000e+01       -2.42913060e-07    0.00   20.86
   78  73960.65        2.34648200e+01       -2.48553160e-07    0.00   20.86
   79  73960.98        2.38042300e+01       -2.08266560e-07    0.00   21.25
   80  73961.23        2.40902500e+01       -1.94507160e-07    0.00   21.25
   81  73961.47        2.43885500e+01       -1.86697760e-07    0.00   21.25
   82  73961.73        2.46734900e+01       -1.51493460e-07    0.00   21.25
   83  73961.99        2.50027200e+01       -1.78888360e-07    0.00   20.79
   84  73962.24        2.52882100e+01       -2.12915060e-07    0.00   20.79
   85  73962.49        2.55565700e+01       -2.28781760e-07    0.00   20.79
   86  73962.81        2.59104300e+01       -2.49918560e-07    0.00   21.17
   87  73963.09        2.61819800e+01       -2.61636460e-07    0.00   21.17
   88  73963.34        2.64792100e+01       -2.71553860e-07    0.00   21.17
   89  73963.58        2.67595000e+01       -2.70624160e-07    0.00   21.17
   90  73963.83        2.70972100e+01       -2.18995360e-07    0.00   21.03
   91  73964.12        2.73637500e+01       -2.15462560e-07    0.00   21.03
   92  73964.37        2.76507000e+01       -2.37341260e-07    0.00   21.03
   93  73964.61        2.79691900e+01       -2.45646460e-07    0.00   21.03
   94  73964.98        2.83034400e+01       -2.58971960e-07    0.00   20.85
   95  73965.24        2.85897300e+01       -2.38828760e-07    0.00   20.85
   96  73965.48        2.88635500e+01       -2.42547460e-07    0.00   20.85
   97  73965.73        2.91655000e+01       -3.13885660e-07    0.00   20.85
   98  73965.97        2.95053100e+01       -3.24856060e-07    0.00   21.25
   99  73966.22        2.97967700e+01       -2.78743460e-07    0.00   21.25
  100  73966.46        3.00715300e+01       -2.65665760e-07    0.00   21.25
  101  73966.77        3.03812600e+01       -2.64860060e-07    0.00   21.25
  102  73967.05        3.07306100e+01       -2.49427160e-07    0.00   20.79
  103  73967.30        3.09803100e+01       -2.58538160e-07    0.00   20.79
  104  73967.54        3.12857100e+01       -2.61761060e-07    0.00   20.79
  105  73967.81        3.16345400e+01       -2.85375160e-07    0.00   21.16
  106  73968.08        3.19054600e+01       -2.74590760e-07    0.00   21.16
  107  73968.32        3.21923000e+01       -2.67339260e-07    0.00   21.16
  108  73968.56        3.24727600e+01       -3.14753060e-07    0.00   21.16
  109  73968.90        3.28367000e+01       -2.80972360e-07    0.00   21.03
  110  73969.15        3.30898500e+01       -2.68203160e-07    0.00   21.03
  111  73969.39        3.33775100e+01       -3.21753260e-07    0.00   21.03
  112  73969.65        3.37064500e+01       -2.85619360e-07    0.00   21.03
  113  73969.93        3.40168000e+01       -2.53018260e-07    0.00   20.85
  114  73970.18        3.42962500e+01       -3.16113160e-07    0.00   20.85
  115  73970.43        3.45942300e+01       -3.05886560e-07    0.00   20.85
  116  73970.67        3.49059400e+01       -3.07621960e-07    0.00   20.85
  117  73970.98        3.51747700e+01       -2.61385460e-07    0.00   21.25
  118  73971.25        3.55044400e+01       -2.20912960e-07    0.00   21.25
  119  73971.49        3.58092600e+01       -2.19239460e-07    0.00   21.25
  120  73971.78        3.60878100e+01       -2.12421760e-07    0.00   21.25
  121  73972.05        3.64365400e+01       -1.96864960e-07    0.00   20.79
  122  73972.30        3.67194500e+01       -1.91410760e-07    0.00   20.79
  123  73972.55        3.70041200e+01       -1.16229860e-07    0.00   20.79
  124  73972.87        3.73449800e+01       -7.91041600e-08    0.00   21.16
  125  73973.12        3.76152900e+01       -1.04701660e-07    0.00   21.16
  126  73973.37        3.79200600e+01       -3.96233600e-08    0.00   21.16
  127  73973.63        3.82039200e+01        5.26019400e-08    0.00   21.16
  128  73973.93        3.85398100e+01        1.67449640e-07    0.00   21.04
  129  73974.18        3.88149500e+01        2.79322340e-07    0.00   21.04
  130  73974.43        3.91144300e+01        3.71299640e-07    0.00   21.04
  131  73974.68        3.93963800e+01        5.42921340e-07    0.00   21.04
  132  73974.93        3.97367000e+01        6.56468240e-07    0.00   20.84
  133  73975.20        4.00299400e+01        8.07574040e-07    0.00   20.84
  134  73975.45        4.02846900e+01        1.07867174e-06    0.00   20.84
  135  73975.69        4.05900800e+01        1.24632584e-06    0.00   20.84
  136  73975.97        4.09191900e+01        1.57927884e-06    0.00   21.25
  137  73976.22        4.12186400e+01        1.98518154e-06    0.00   21.25
  138  73976.46        4.14689600e+01        2.33542674e-06    0.00   21.25
  139  73976.77        4.17742200e+01        3.51693894e-06    0.00   21.25
  140  73977.14        4.21152500e+01        3.58945474e-06    0.00   20.80
  141  73977.39        4.23635700e+01        4.74667104e-06    0.00   20.80
  142  73977.64        4.26471200e+01        5.73902224e-06    0.00   20.80
  143  73977.91        4.30160700e+01        7.28057244e-06    0.00   21.15
  144  73978.16        4.32977200e+01        8.68142944e-06    0.00   21.15
  145  73978.41        4.35677900e+01        1.03955919e-05    0.00   21.15
  146  73978.65        4.38583100e+01        1.19337332e-05    0.00   21.15
  147  73978.95        4.42175000e+01        1.41619524e-05    0.00   21.05
  148  73979.22        4.44945700e+01        1.70098409e-05    0.00   21.05
  149  73979.46        4.47719000e+01        2.07682678e-05    0.00   21.05