# Ic = 39.13 A, n = 27.49 , Tavg = 0.00 K, Anneal298_00K___3600s
#idx    t_s     iHTS_A                vHTS_V                tHTS_K  tTAR_K
    0  111721.45        7.32726900e-02       -2.59689000e-09    0.00   21.00
    1  111721.71        3.46929800e-01        3.50240100e-08    0.00   21.00
    2  111721.96        6.10053900e-01        4.96510100e-08    0.00   21.00
    3  111722.21        9.26566000e-01        1.18381000e-09    0.00   20.91
    4  111722.47        1.27262900e+00        2.29382100e-08    0.00   20.91
    5  111722.71        1.52109800e+00        2.15747100e-08    0.00   20.91
    6  111722.96        1.82579400e+00        1.37034100e-08    0.00   20.91
    7  111723.25        2.17833600e+00        1.95294100e-08    0.00   20.91
    8  111723.56        2.45055900e+00       -6.33977900e-08    0.00   21.25
    9  111723.81        2.73545100e+00       -4.74073900e-08    0.00   21.25
   10  111724.05        3.04905500e+00       -1.81534900e-08    0.00   21.25
   11  111724.33        3.38852800e+00       -2.16242900e-08    0.00   20.79
   12  111724.58        3.61828600e+00        3.21730100e-08    0.00   20.79
   13  111724.82        3.94605000e+00       -2.78279000e-09    0.00   20.79
   14  111725.07        4.25515800e+00       -9.23490000e-10    0.00   20.79
   15  111725.35        4.55600100e+00        5.93196100e-08    0.00   21.22
   16  111725.63        4.84803700e+00        7.87751000e-09    0.00   21.22
   17  111725.88        5.15493200e+00       -2.98054900e-08    0.00   21.22
   18  111726.15        5.46150200e+00       -4.16433900e-08    0.00   21.22
   19  111726.50        5.78842500e+00       -5.08178900e-08    0.00   21.01
   20  111726.78        6.06578600e+00       -4.35097900e-08    0.00   21.01
   21  111727.02        6.35309300e+00        2.77637100e-08    0.00   21.01
   22  111727.35        6.72298100e+00       -3.42767900e-08    0.00   20.91
   23  111727.60        6.97014700e+00       -5.10728900e-08    0.00   20.91
   24  111727.85        7.26384400e+00        2.23716100e-08    0.00   20.91
   25  111728.09        7.57750300e+00       -2.34924900e-08    0.00   20.91
   26  111728.39        7.90762900e+00       -1.28321900e-08    0.00   21.25
   27  111728.65        8.18356800e+00       -4.06604900e-08    0.00   21.25
   28  111728.90        8.48933000e+00       -8.93756900e-08    0.00   21.25
   29  111729.21        8.78750400e+00       -7.85293900e-08    0.00   21.25
   30  111729.50        9.10606100e+00       -8.42933900e-08    0.00   20.80
   31  111729.75        9.37953100e+00       -2.95043900e-08    0.00   20.80
   32  111729.99        9.66257500e+00        1.30129100e-08    0.00   20.80
   33  111730.28        1.00098700e+01       -2.66533900e-08    0.00   21.21
   34  111730.58        1.02841900e+01       -8.60907900e-08    0.00   21.21
   35  111730.83        1.05785000e+01       -5.24983900e-08    0.00   21.21
   36  111731.07        1.08602900e+01       -5.44817900e-08    0.00   21.21
   37  111731.38        1.11998000e+01       -9.86104900e-08    0.00   21.02
   38  111731.63        1.14675100e+01       -8.11944900e-08    0.00   21.02
   39  111731.87        1.17636000e+01       -8.61527900e-08    0.00   21.02
   40  111732.12        1.20472200e+01       -1.22534190e-07    0.00   21.02
   41  111732.42        1.23804400e+01       -1.12183290e-07    0.00   20.89
   42  111732.68        1.26591400e+01       -1.22656990e-07    0.00   20.89
   43  111732.93        1.29658800e+01       -8.17508900e-08    0.00   20.89
   44  111733.18        1.32753000e+01       -4.87162900e-08    0.00   21.26
   45  111733.49        1.35347000e+01       -9.66256900e-08    0.00   21.26
   46  111733.74        1.38567100e+01       -4.25803900e-08    0.00   21.26
   47  111733.99        1.41303500e+01       -4.75386900e-08    0.00   21.26
   48  111734.36        1.44773400e+01       -8.49736900e-08    0.00   20.79
   49  111734.63        1.47476100e+01       -7.31357900e-08    0.00   20.79
   50  111734.87        1.50573000e+01       -6.07400900e-08    0.00   20.79
   51  111735.12        1.53260300e+01       -1.58728190e-07    0.00   20.79
   52  111735.41        1.56749600e+01       -1.04620890e-07    0.00   21.21
   53  111735.66        1.59461800e+01       -6.66280900e-08    0.00   21.21
   54  111735.91        1.62263200e+01       -4.79105900e-08    0.00   21.21
   55  111736.19        1.65835300e+01       -6.07400900e-08    0.00   21.02
   56  111736.49        1.68743000e+01       -7.41894900e-08    0.00   21.02
   57  111736.73        1.71388800e+01       -7.97674900e-08    0.00   21.02
   58  111736.99        1.74164800e+01       -8.84444900e-08    0.00   21.02
   59  111737.23        1.77819400e+01       -1.26685290e-07    0.00   20.89
   60  111737.48        1.80940800e+01       -5.86328900e-08    0.00   20.89
   61  111737.73        1.83475100e+01       -3.85517900e-08    0.00   20.89
   62  111737.98        1.86488400e+01       -8.13169900e-08    0.00   20.89
   63  111738.33        1.89946600e+01       -1.16828890e-07    0.00   21.25
   64  111738.58        1.92162200e+01       -1.18868990e-07    0.00   21.25
   65  111738.82        1.95230400e+01       -9.87861900e-08    0.00   21.25
   66  111739.07        1.98723700e+01       -5.75084900e-08    0.00   21.25
   67  111739.31        2.01940900e+01       -1.24011390e-07    0.00   20.80
   68  111739.56        2.04434000e+01       -8.19280900e-08    0.00   20.80
   69  111739.81        2.07522200e+01       -9.72986900e-08    0.00   20.80
   70  111740.05        2.10568000e+01       -9.98397900e-08    0.00   20.80
   71  111740.38        2.13346300e+01       -5.42856900e-08    0.00   21.19
   72  111740.66        2.16515100e+01       -9.43237900e-08    0.00   21.19
   73  111740.90        2.19639900e+01       -1.36159190e-07    0.00   21.19
   74  111741.23        2.22892100e+01       -1.50662190e-07    0.00   21.19
   75  111741.55        2.25632700e+01       -8.95513900e-08    0.00   21.03
   76  111741.80        2.28540800e+01       -1.26800490e-07    0.00   21.03
   77  111742.06        2.31400800e+01       -1.23205690e-07    0.00   21.03
   78  111742.38        2.34823200e+01       -1.55186590e-07    0.00   20.88
   79  111742.63        2.37577000e+01       -2.20325990e-07    0.00   20.88
   80  111742.88        2.40589100e+01       -1.57975690e-07    0.00   20.88
   81  111743.14        2.43839000e+01       -1.53203290e-07    0.00   20.88
   82  111743.45        2.46855500e+01       -1.38142490e-07    0.00   21.26
   83  111743.70        2.49583200e+01       -9.50674900e-08    0.00   21.26
   84  111743.95        2.52624700e+01       -1.28411890e-07    0.00   21.26
   85  111744.33        2.55813400e+01       -1.21534590e-07    0.00   20.79
   86  111744.59        2.58502400e+01       -6.68110900e-08    0.00   20.79
   87  111744.85        2.61542700e+01       -1.05423790e-07    0.00   20.79
   88  111745.10        2.64636600e+01       -1.19864690e-07    0.00   20.79
   89  111745.39        2.67750600e+01       -5.96835900e-08    0.00   21.19
   90  111745.64        2.70529600e+01       -1.13728890e-07    0.00   21.19
   91  111745.88        2.73560200e+01       -1.57981490e-07    0.00   21.19
   92  111746.12        2.76156400e+01       -1.93309290e-07    0.00   21.19
   93  111746.41        2.79813300e+01       -1.55998190e-07    0.00   21.03
   94  111746.67        2.82501900e+01       -1.30339090e-07    0.00   21.03
   95  111746.91        2.85654100e+01       -2.00560790e-07    0.00   21.03
   96  111747.19        2.88793900e+01       -2.24546390e-07    0.00   21.03
   97  111747.50        2.91788500e+01       -1.61018490e-07    0.00   20.88
   98  111747.76        2.94408700e+01       -1.37466590e-07    0.00   20.88
   99  111748.01        2.97483700e+01       -1.40379590e-07    0.00   20.88
  100  111748.33        3.00863100e+01       -1.20980390e-07    0.00   21.26
  101  111748.59        3.03601300e+01       -1.67650190e-07    0.00   21.26
  102  111748.83        3.06750100e+01       -1.65232990e-07    0.00   21.26
  103  111749.07        3.09582000e+01       -1.10320090e-07    0.00   21.26
  104  111749.40        3.13013400e+01       -1.53519090e-07    0.00   20.80
  105  111749.67        3.15809700e+01       -1.46019690e-07    0.00   20.80
  106  111749.92        3.18613400e+01       -1.43726490e-07    0.00   20.80
  107  111750.21        3.21648600e+01       -1.53889190e-07    0.00   21.18
  108  111750.54        3.25148500e+01       -1.57606090e-07    0.00   21.18
  109  111750.80        3.27877500e+01       -1.51965990e-07    0.00   21.18
  110  111751.04        3.30489800e+01       -1.63865890e-07    0.00   21.18
  111  111751.35        3.34107700e+01       -1.39260490e-07    0.00   21.05
  112  111751.61        3.36855600e+01       -1.51656190e-07    0.00   21.05
  113  111751.86        3.39645900e+01       -1.63060190e-07    0.00   21.05
  114  111752.11        3.42763900e+01       -1.58349790e-07    0.00   21.05
  115  111752.37        3.46196600e+01       -1.89462990e-07    0.00   20.87
  116  111752.62        3.48883500e+01       -2.30926590e-07    0.00   20.87
  117  111752.87        3.51747500e+01       -1.22898090e-07    0.00   20.87
  118  111753.12        3.54874300e+01       -1.26864790e-07    0.00   20.87
  119  111753.42        3.58096000e+01       -1.26678790e-07    0.00   21.26
  120  111753.73        3.60699800e+01       -1.32876690e-07    0.00   21.26
  121  111753.97        3.63782800e+01       -1.03684790e-07    0.00   21.26
  122  111754.31        3.66768400e+01       -1.29591790e-07    0.00   20.79
  123  111754.63        3.70075900e+01       -1.36037590e-07    0.00   20.79
  124  111754.89        3.72781000e+01       -7.70959900e-08    0.00   20.79
  125  111755.13        3.75706300e+01       -3.99088900e-08    0.00   20.79
  126  111755.40        3.79494200e+01        9.29110100e-08    0.00   21.18
  127  111755.66        3.81765300e+01        8.02054100e-08    0.00   21.18
  128  111755.90        3.84868800e+01        9.82397100e-08    0.00   21.18
  129  111756.18        3.88366700e+01        1.12987710e-07    0.00   21.18
  130  111756.50        3.91289700e+01        1.49862010e-07    0.00   21.05
  131  111756.75        3.93509600e+01        2.08803610e-07    0.00   21.05
  132  111757.01        3.96620800e+01        2.98734410e-07    0.00   21.05
  133  111757.31        4.00272900e+01        2.88570010e-07    0.00   20.87
  134  111757.56        4.02645700e+01        3.48069310e-07    0.00   20.87
  135  111757.80        4.05574700e+01        4.97685510e-07    0.00   20.87
  136  111758.05        4.08673900e+01        6.19597210e-07    0.00   20.87
  137  111758.36        4.12153400e+01        8.47678210e-07    0.00   21.26
  138  111758.61        4.14498900e+01        1.00417401e-06    0.00   21.26
  139  111758.86        4.17620800e+01        1.19667931e-06    0.00   21.26
  140  111759.10        4.20595300e+01        1.44508921e-06    0.00   21.26
  141  111759.36        4.23841300e+01        1.67106291e-06    0.00   20.81
  142  111759.61        4.26682800e+01        2.10150371e-06    0.00   20.81
  143  111759.85        4.29702700e+01        2.52233791e-06    0.00   20.81
  144  111760.09        4.32841300e+01        3.75620631e-06    0.00   20.81
  145  111760.39        4.35804200e+01        3.83907161e-06    0.00   21.17
  146  111760.64        4.38617200e+01        4.93138111e-06    0.00   21.17
  147  111760.89        4.41741200e+01        5.20204131e-06    0.00   21.17
  148  111761.15        4.44357700e+01        6.50532567e-06    0.00   21.17
  149  111761.47        4.47968600e+01        8.04518207e-06    0.00   21.07
  150  111761.72        4.50685500e+01        1.00721897e-05    0.00   21.07
  151  111761.96        4.53725300e+01        1.21661960e-05    0.00   21.07
  152  111762.29        4.56925600e+01        1.35023290e-05    0.00   20.86
  153  111762.55        4.59699200e+01        1.69316060e-05    0.00   20.86
  154  111762.80        4.62659100e+01        2.03083402e-05    0.00   20.86