# Ic = 38.73 A, n = 28.08 , Tavg = 0.00 K, Anneal229_00K___3600s
#idx    t_s     iHTS_A                vHTS_V                tHTS_K  tTAR_K
    0  262015.82        8.81250000e-02        3.69332400e-08    0.00   20.79
    1  262016.06        3.96065400e-01        2.76363400e-08    0.00   20.79
    2  262016.35        6.77266500e-01       -7.49960000e-10    0.00   20.80
    3  262016.65        1.01935900e+00        2.44134400e-08    0.00   20.80
    4  262016.91        1.28779700e+00       -1.59967600e-08    0.00   20.80
    5  262017.15        1.57002500e+00       -5.73986600e-08    0.00   20.80
    6  262017.41        1.93364300e+00       -3.71315600e-08    0.00   21.25
    7  262017.68        2.19363000e+00       -3.37846600e-08    0.00   21.25
    8  262017.92        2.49748300e+00       -6.29767600e-08    0.00   21.25
    9  262018.16        2.78198200e+00       -1.41993600e-08    0.00   21.25
   10  262018.50        3.11433900e+00       -2.75248600e-08    0.00   20.84
   11  262018.75        3.40896200e+00        1.08401400e-08    0.00   20.84
   12  262019.01        3.68691700e+00        2.83181400e-08    0.00   20.84
   13  262019.25        4.04549300e+00       -5.21924600e-08    0.00   20.84
   14  262019.51        4.34079400e+00        2.53431400e-08    0.00   21.06
   15  262019.76        4.61609900e+00       -2.34341600e-08    0.00   21.06
   16  262020.02        4.89376400e+00       -5.42995600e-08    0.00   21.06
   17  262020.36        5.26061300e+00       -2.36819600e-08    0.00   21.14
   18  262020.61        5.55118300e+00       -7.38229600e-08    0.00   21.14
   19  262020.86        5.80252100e+00       -1.13179460e-07    0.00   21.14
   20  262021.10        6.11015100e+00       -7.92150600e-08    0.00   21.14
   21  262021.49        6.46703600e+00       -4.63662600e-08    0.00   20.80
   22  262021.75        6.73871200e+00       -9.67550600e-08    0.00   20.80
   23  262021.99        7.01725000e+00       -2.92600600e-08    0.00   20.80
   24  262022.30        7.37709000e+00       -2.63470600e-08    0.00   20.80
   25  262022.58        7.69323300e+00       -7.75416600e-08    0.00   21.26
   26  262022.84        7.92177600e+00       -7.12197600e-08    0.00   21.26
   27  262023.10        8.22827500e+00       -6.11172600e-08    0.00   21.26
   28  262023.47        8.58569300e+00       -1.37785060e-07    0.00   20.84
   29  262023.73        8.85169700e+00       -8.19421600e-08    0.00   20.84
   30  262023.97        9.11938300e+00       -7.94629600e-08    0.00   20.84
   31  262024.22        9.43309700e+00       -5.98776600e-08    0.00   20.84
   32  262024.50        9.76558800e+00        1.64803400e-08    0.00   21.05
   33  262024.76        1.00169300e+01       -4.80396600e-08    0.00   21.05
   34  262025.01        1.03186700e+01       -4.22136600e-08    0.00   21.05
   35  262025.48        1.06258800e+01       -6.47120600e-08    0.00   21.05
   36  262025.78        1.09355200e+01       -1.32893460e-07    0.00   21.13
   37  262026.02        1.12148200e+01       -1.07485860e-07    0.00   21.13
   38  262026.28        1.15125000e+01       -1.67234460e-07    0.00   21.13
   39  262026.58        1.18657900e+01       -1.07734760e-07    0.00   20.79
   40  262026.84        1.20925500e+01       -1.40149660e-07    0.00   20.79
   41  262027.09        1.23950100e+01       -1.64569360e-07    0.00   20.79
   42  262027.47        1.27359500e+01       -1.43000760e-07    0.00   21.24
   43  262027.72        1.30183500e+01       -1.52545460e-07    0.00   21.24
   44  262027.97        1.32866600e+01       -1.03086360e-07    0.00   21.24
   45  262028.21        1.35957100e+01       -6.88740600e-08    0.00   21.24
   46  262028.47        1.39374500e+01       -1.06929060e-07    0.00   20.83
   47  262028.74        1.41854300e+01       -8.17036600e-08    0.00   20.83
   48  262028.99        1.44870100e+01       -1.48764760e-07    0.00   20.83
   49  262029.24        1.48325300e+01       -2.05041560e-07    0.00   20.83
   50  262029.48        1.51315800e+01       -1.70829260e-07    0.00   21.04
   51  262029.72        1.53879100e+01       -1.86571860e-07    0.00   21.04
   52  262029.97        1.56880100e+01       -1.98223860e-07    0.00   21.04
   53  262030.22        1.59714200e+01       -1.62895960e-07    0.00   21.04
   54  262030.55        1.63083600e+01       -1.79630160e-07    0.00   21.13
   55  262030.80        1.65895900e+01       -1.63453760e-07    0.00   21.13
   56  262031.05        1.68916500e+01       -1.65870860e-07    0.00   21.13
   57  262031.30        1.72587700e+01       -1.43868460e-07    0.00   20.79
   58  262031.54        1.75193800e+01       -6.13756600e-08    0.00   20.79
   59  262031.79        1.78057100e+01       -1.40524660e-07    0.00   20.79
   60  262032.03        1.81107900e+01       -7.64405600e-08    0.00   20.79
   61  262032.48        1.84407200e+01       -9.99305600e-08    0.00   21.24
   62  262032.75        1.87176500e+01       -1.39225160e-07    0.00   21.24
   63  262033.00        1.90061600e+01       -1.70462460e-07    0.00   21.24
   64  262033.27        1.93364300e+01       -1.55215660e-07    0.00   21.24
   65  262033.57        1.96217700e+01       -1.76040560e-07    0.00   20.82
   66  262033.83        1.99073700e+01       -1.86576960e-07    0.00   20.82
   67  262034.07        2.01880400e+01       -1.33709060e-07    0.00   20.82
   68  262034.33        2.05509600e+01       -1.59740160e-07    0.00   21.04
   69  262034.63        2.08363100e+01       -1.21065360e-07    0.00   21.04
   70  262034.87        2.11055900e+01       -1.24908060e-07    0.00   21.04
   71  262035.11        2.13928700e+01       -2.11368460e-07    0.00   21.04
   72  262035.47        2.17407900e+01       -1.77032260e-07    0.00   21.13
   73  262035.72        2.20095700e+01       -1.13689860e-07    0.00   21.13
   74  262035.98        2.23194400e+01       -1.61599460e-07    0.00   21.13
   75  262036.22        2.26099600e+01       -1.48398060e-07    0.00   21.13
   76  262036.50        2.29396900e+01       -1.41642360e-07    0.00   20.79
   77  262036.75        2.32119800e+01       -2.31883460e-07    0.00   20.79
   78  262037.00        2.34881600e+01       -1.88064460e-07    0.00   20.79
   79  262037.25        2.38445500e+01       -1.64946360e-07    0.00   20.79
   80  262037.50        2.41388700e+01       -1.52801460e-07    0.00   21.24
   81  262037.75        2.44159200e+01       -1.48838760e-07    0.00   21.24
   82  262038.00        2.46703300e+01       -1.81070760e-07    0.00   21.24
   83  262038.30        2.50548100e+01       -1.21075260e-07    0.00   21.24
   84  262038.62        2.53420400e+01       -1.56155260e-07    0.00   20.82
   85  262038.86        2.55883700e+01       -2.01895660e-07    0.00   20.82
   86  262039.11        2.58884600e+01       -1.65080260e-07    0.00   20.82
   87  262039.47        2.62428300e+01       -1.69356760e-07    0.00   21.04
   88  262039.72        2.65137700e+01       -2.51354660e-07    0.00   21.04
   89  262039.96        2.67803800e+01       -2.72675360e-07    0.00   21.04
   90  262040.21        2.70881500e+01       -2.44908860e-07    0.00   21.04
   91  262040.55        2.74325700e+01       -2.48875560e-07    0.00   21.12
   92  262040.80        2.76805600e+01       -1.76546260e-07    0.00   21.12
   93  262041.04        2.79863100e+01       -1.83239960e-07    0.00   21.12
   94  262041.38        2.83509100e+01       -2.16150760e-07    0.00   20.79
   95  262041.62        2.86324400e+01       -2.05304460e-07    0.00   20.79
   96  262041.86        2.88862200e+01       -2.41747960e-07    0.00   20.79
   97  262042.11        2.91968800e+01       -2.79864960e-07    0.00   20.79
   98  262042.44        2.95601500e+01       -2.49681260e-07    0.00   21.24
   99  262042.72        2.97950100e+01       -2.03383060e-07    0.00   21.24
  100  262042.98        3.00936900e+01       -2.86186760e-07    0.00   21.24
  101  262043.22        3.04210200e+01       -2.06110160e-07    0.00   21.24
  102  262043.52        3.07519400e+01       -1.77914160e-07    0.00   20.82
  103  262043.78        3.10048300e+01       -2.24526560e-07    0.00   20.82
  104  262044.02        3.13123700e+01       -1.67568060e-07    0.00   20.82
  105  262044.31        3.16778100e+01       -2.48822260e-07    0.00   21.05
  106  262044.64        3.19324200e+01       -1.85541960e-07    0.00   21.05
  107  262044.89        3.22051600e+01       -1.61804060e-07    0.00   21.05
  108  262045.14        3.25184900e+01       -2.32583760e-07    0.00   21.05
  109  262045.48        3.28727900e+01       -3.26853460e-07    0.00   21.12
  110  262045.72        3.31219200e+01       -2.65618460e-07    0.00   21.12
  111  262045.97        3.34237800e+01       -2.95740160e-07    0.00   21.12
  112  262046.23        3.37560700e+01       -2.56445660e-07    0.00   21.12
  113  262046.47        3.40414200e+01       -2.05499060e-07    0.00   20.79
  114  262046.72        3.43294300e+01       -2.80741260e-07    0.00   20.79
  115  262046.98        3.46234200e+01       -2.04755360e-07    0.00   20.79
  116  262047.22        3.49116300e+01       -2.33761360e-07    0.00   20.79
  117  262047.50        3.52495700e+01       -2.21489560e-07    0.00   21.25
  118  262047.78        3.55260800e+01       -2.24216660e-07    0.00   21.25
  119  262048.04        3.58315200e+01       -2.55515960e-07    0.00   21.25
  120  262048.28        3.61733400e+01       -1.94900760e-07    0.00   20.81
  121  262048.53        3.64640100e+01       -1.61742060e-07    0.00   20.81
  122  262048.79        3.67510000e+01       -2.26757760e-07    0.00   20.81
  123  262049.03        3.70570200e+01       -1.16187660e-07    0.00   20.81
  124  262049.31        3.73889600e+01       -1.05342260e-07    0.00   20.81
  125  262049.69        3.76709800e+01       -9.71626600e-08    0.00   21.05
  126  262049.94        3.79457900e+01       -3.00399600e-08    0.00   21.05
  127  262050.20        3.82297500e+01       -3.60518600e-08    0.00   21.05
  128  262050.53        3.85823000e+01       -1.92556600e-08    0.00   21.11
  129  262050.78        3.88437700e+01        1.38418340e-07    0.00   21.11
  130  262051.03        3.91417300e+01        1.72196740e-07    0.00   21.11
  131  262051.36        3.94893200e+01        1.43562540e-07    0.00   20.78
  132  262051.70        3.97405400e+01        2.40187440e-07    0.00   20.78
  133  262051.94        4.00407100e+01        4.24326340e-07    0.00   20.78
  134  262052.19        4.03107400e+01        5.18720040e-07    0.00   20.78
  135  262052.50        4.06463300e+01        7.80828140e-07    0.00   21.24
  136  262052.76        4.09162700e+01        1.01262874e-06    0.00   21.24
  137  262053.01        4.12205900e+01        1.08043344e-06    0.00   21.24
  138  262053.28        4.15486700e+01        1.33894684e-06    0.00   21.24
  139  262053.60        4.18338400e+01        1.74317234e-06    0.00   20.81
  140  262053.86        4.21050300e+01        1.98563324e-06    0.00   20.81
  141  262054.10        4.23855500e+01        2.39890754e-06    0.00   20.81
  142  262054.43        4.27512400e+01        3.60185324e-06    0.00   21.05
  143  262054.70        4.30170200e+01        3.79181814e-06    0.00   21.05
  144  262054.95        4.33133200e+01        5.11655204e-06    0.00   21.05
  145  262055.20        4.35980600e+01        5.32920174e-06    0.00   21.05
  146  262055.48        4.39336500e+01        7.08946134e-06    0.00   21.10
  147  262055.74        4.42171800e+01        8.83447324e-06    0.00   21.10
  148  262055.99        4.44923300e+01        1.02011049e-05    0.00   21.10
  149  262056.24        4.48437600e+01        1.12462526e-05    0.00   21.10
  150  262056.52        4.51400700e+01        1.51735986e-05    0.00   20.79
  151  262056.77        4.54176600e+01        1.78643443e-05    0.00   20.79
  152  262057.02        4.56912800e+01        1.94485213e-05    0.00   20.79
  153  262057.45        4.60548500e+01        2.57280227e-05    0.00   20.79