# Ic = 38.53 A, n = 26.16 , Tavg = 0.00 K, Anneal268_00K___3600s
#idx    t_s     iHTS_A                vHTS_V                tHTS_K  tTAR_K
    0  394370.46        3.40692700e-02       -5.95367270e-08    0.00   21.28
    1  394370.70        3.46357200e-01        3.55757300e-09    0.00   21.28
    2  394370.99        6.74852600e-01        1.46517630e-08    0.00   21.16
    3  394371.28        9.34767600e-01       -7.10275700e-09    0.00   21.16
    4  394371.52        1.24074300e+00        1.16148030e-08    0.00   21.16
    5  394371.81        1.58267600e+00       -9.14805700e-09    0.00   20.82
    6  394372.12        1.86760700e+00       -1.79490270e-08    0.00   20.82
    7  394372.38        2.19579000e+00        7.83410300e-09    0.00   20.82
    8  394372.63        2.44679000e+00       -9.66867000e-10    0.00   20.82
    9  394372.92        2.77895200e+00       -4.58394370e-08    0.00   21.27
   10  394373.18        3.10603500e+00        2.69855230e-08    0.00   21.27
   11  394373.43        3.35733000e+00       -7.97045700e-09    0.00   21.27
   12  394373.67        3.63501400e+00       -4.47822470e-08    0.00   21.27
   13  394373.97        4.00382900e+00        2.06087930e-08    0.00   20.85
   14  394374.26        4.27944300e+00        1.85032930e-08    0.00   20.85
   15  394374.50        4.56302000e+00       -9.57302700e-09    0.00   20.85
   16  394374.76        4.89915300e+00       -1.67625570e-08    0.00   20.85
   17  394375.05        5.18735500e+00       -5.43835770e-08    0.00   21.07
   18  394375.31        5.47030900e+00       -1.29818570e-08    0.00   21.07
   19  394375.55        5.75305900e+00        1.09418930e-08    0.00   21.07
   20  394375.89        6.10737500e+00       -4.78138470e-08    0.00   21.07
   21  394376.20        6.41585600e+00        2.92255930e-08    0.00   21.15
   22  394376.44        6.68998500e+00        5.25295630e-08    0.00   21.15
   23  394376.69        6.96826400e+00        1.30491730e-08    0.00   21.15
   24  394377.00        7.31005500e+00        7.90494300e-09    0.00   20.82
   25  394377.27        7.59460500e+00       -1.19901970e-08    0.00   20.82
   26  394377.52        7.87338900e+00       -5.82882370e-08    0.00   20.82
   27  394377.81        8.23006200e+00        1.10038730e-08    0.00   20.82
   28  394378.11        8.51986900e+00        3.73447930e-08    0.00   21.27
   29  394378.35        8.79174000e+00        7.77403000e-10    0.00   21.27
   30  394378.60        9.07007700e+00        3.57953230e-08    0.00   21.27
   31  394378.91        9.42001600e+00       -1.87458670e-08    0.00   20.85
   32  394379.17        9.73827300e+00       -4.16159870e-08    0.00   20.85
   33  394379.42        9.96304400e+00        3.62913330e-08    0.00   20.85
   34  394379.68        1.02707700e+01       -5.54336700e-09    0.00   20.85
   35  394379.93        1.06056800e+01       -1.44056170e-08    0.00   21.08
   36  394380.19        1.08800400e+01       -1.88060970e-08    0.00   21.08
   37  394380.43        1.11608300e+01       -6.58478770e-08    0.00   21.08
   38  394380.68        1.14600900e+01        5.24160300e-09    0.00   21.08
   39  394380.96        1.18168300e+01       -3.34950370e-08    0.00   21.14
   40  394381.21        1.20406100e+01        1.15101300e-09    0.00   21.14
   41  394381.46        1.23423600e+01        3.56111230e-08    0.00   21.14
   42  394381.72        1.26575700e+01       -7.24176070e-08    0.00   21.14
   43  394382.01        1.29904000e+01       -5.32662170e-08    0.00   20.81
   44  394382.27        1.32335900e+01        1.69555630e-08    0.00   20.81
   45  394382.51        1.35462400e+01       -3.72137470e-08    0.00   20.81
   46  394382.81        1.39044500e+01       -2.87759700e-09    0.00   21.27
   47  394383.07        1.41602300e+01        1.80092030e-08    0.00   21.27
   48  394383.33        1.44329000e+01       -3.08919370e-08    0.00   21.27
   49  394383.58        1.47374100e+01       -8.32297000e-10    0.00   21.27
   50  394383.94        1.51030800e+01       -8.78502870e-08    0.00   20.84
   51  394384.20        1.53622700e+01       -5.53115070e-08    0.00   20.84
   52  394384.45        1.56358100e+01       -2.82888270e-08    0.00   20.84
   53  394384.70        1.59437600e+01       -5.70469070e-08    0.00   20.84
   54  394385.01        1.62623900e+01       -6.67775570e-08    0.00   21.08
   55  394385.26        1.65388300e+01        9.14625300e-09    0.00   21.08
   56  394385.51        1.68436300e+01       -6.21900770e-08    0.00   21.08
   57  394385.86        1.71982700e+01       -6.73954470e-08    0.00   21.13
   58  394386.12        1.74866600e+01        4.12807300e-09    0.00   21.13
   59  394386.39        1.77398100e+01        2.80518130e-08    0.00   21.13
   60  394386.64        1.80565200e+01        3.36918630e-08    0.00   21.13
   61  394387.00        1.83739000e+01        3.12747030e-08    0.00   20.81
   62  394387.25        1.86456400e+01       -1.73165270e-08    0.00   20.81
   63  394387.51        1.89388300e+01       -5.64870070e-08    0.00   20.81
   64  394387.77        1.93021700e+01        2.29695630e-08    0.00   20.81
   65  394388.06        1.95771100e+01        1.13175830e-08    0.00   21.26
   66  394388.35        1.98626300e+01        3.01590830e-08    0.00   21.26
   67  394388.61        2.01586700e+01        1.81352330e-08    0.00   21.26
   68  394388.97        2.04882500e+01        1.16894630e-08    0.00   20.84
   69  394389.24        2.07542100e+01       -2.22748170e-08    0.00   20.84
   70  394389.49        2.10569000e+01       -1.84941270e-08    0.00   20.84
   71  394389.73        2.14121000e+01       -1.09947070e-08    0.00   20.84
   72  394389.98        2.16806500e+01       -3.25012870e-08    0.00   21.08
   73  394390.25        2.19565200e+01        6.00947530e-08    0.00   21.08
   74  394390.51        2.22636400e+01       -4.42497700e-09    0.00   21.08
   75  394390.81        2.26025800e+01       -4.89256170e-08    0.00   21.08
   76  394391.08        2.28817800e+01       -1.02509670e-08    0.00   21.13
   77  394391.35        2.32055000e+01        2.06163830e-08    0.00   21.13
   78  394391.59        2.34407300e+01       -1.22922370e-08    0.00   21.13
   79  394392.00        2.37808400e+01       -5.59754700e-09    0.00   20.81
   80  394392.27        2.40576100e+01       -1.17334270e-08    0.00   20.81
   81  394392.52        2.43687100e+01       -4.49539470e-08    0.00   20.81
   82  394392.81        2.47028800e+01        1.72725430e-08    0.00   20.81
   83  394393.13        2.49808600e+01        3.31390630e-08    0.00   21.26
   84  394393.39        2.52544000e+01       -3.99956570e-08    0.00   21.26
   85  394393.63        2.55390600e+01       -9.75011700e-09    0.00   21.26
   86  394393.91        2.58816000e+01       -7.00552670e-08    0.00   20.83
   87  394394.18        2.61755500e+01       -6.52209370e-08    0.00   20.83
   88  394394.44        2.64545900e+01        8.16169300e-09    0.00   20.83
   89  394394.68        2.67321700e+01        1.23762330e-08    0.00   20.83
   90  394395.01        2.70720500e+01        1.86360730e-08    0.00   21.08
   91  394395.26        2.73485600e+01        3.61760130e-08    0.00   21.08
   92  394395.52        2.76120300e+01       -5.20194970e-08    0.00   21.08
   93  394395.80        2.79956600e+01       -2.84676470e-08    0.00   21.12
   94  394396.13        2.82791600e+01        4.23738630e-08    0.00   21.12
   95  394396.37        2.85601200e+01       -2.35093570e-08    0.00   21.12
   96  394396.62        2.88416400e+01       -6.59026970e-08    0.00   21.12
   97  394396.96        2.91859800e+01        4.56693300e-09    0.00   20.81
   98  394397.22        2.94933500e+01       -4.35728700e-09    0.00   20.81
   99  394397.47        2.97502100e+01        7.10944300e-09    0.00   20.81
  100  394397.71        3.00444300e+01        3.14673630e-08    0.00   20.81
  101  394397.98        3.03975100e+01       -2.53669770e-08    0.00   21.26
  102  394398.24        3.07046500e+01       -4.29069070e-08    0.00   21.26
  103  394398.48        3.09474600e+01        3.20871530e-08    0.00   21.26
  104  394398.74        3.12862200e+01        3.39107300e-09    0.00   21.26
  105  394399.05        3.16313400e+01        1.87617630e-08    0.00   20.83
  106  394399.30        3.18514100e+01        1.28380300e-09    0.00   20.83
  107  394399.55        3.21536100e+01       -3.67710270e-08    0.00   20.83
  108  394399.88        3.25274000e+01        1.90359300e-09    0.00   21.08
  109  394400.14        3.28015500e+01        6.79989300e-09    0.00   21.08
  110  394400.38        3.30521000e+01       -2.15862870e-08    0.00   21.08
  111  394400.62        3.33590600e+01        1.29357730e-08    0.00   21.08
  112  394401.03        3.37198000e+01       -4.32787770e-08    0.00   21.12
  113  394401.28        3.39630100e+01       -5.51786670e-08    0.00   21.12
  114  394401.54        3.42617700e+01       -2.09045170e-08    0.00   21.12
  115  394401.87        3.46328400e+01       -3.23705570e-08    0.00   20.81
  116  394402.17        3.48913800e+01       -7.95099700e-09    0.00   20.81
  117  394402.41        3.51725100e+01        1.37414930e-08    0.00   20.81
  118  394402.65        3.54912000e+01        4.28714230e-08    0.00   20.81
  119  394403.01        3.58332000e+01        6.48990300e-09    0.00   21.26
  120  394403.26        3.60598600e+01        2.35335030e-08    0.00   21.26
  121  394403.52        3.63515100e+01        4.64651630e-08    0.00   21.26
  122  394403.81        3.67362100e+01       -1.81614700e-09    0.00   20.83
  123  394404.12        3.70376000e+01        5.62577730e-08    0.00   20.83
  124  394404.36        3.72768700e+01        1.24620133e-07    0.00   20.83
  125  394404.61        3.75953600e+01        1.06150523e-07    0.00   20.83
  126  394404.93        3.79257100e+01        1.26045643e-07    0.00   21.08
  127  394405.20        3.82361100e+01        1.50589153e-07    0.00   21.08
  128  394405.44        3.84927400e+01        1.88272123e-07    0.00   21.08
  129  394405.68        3.87905000e+01        3.07952743e-07    0.00   21.08
  130  394405.98        3.91393100e+01        3.61936073e-07    0.00   21.13
  131  394406.24        3.93762200e+01        3.92429533e-07    0.00   21.13
  132  394406.48        3.96786700e+01        4.91781183e-07    0.00   21.13
  133  394406.73        4.00199500e+01        4.99342563e-07    0.00   21.13
  134  394407.01        4.02961800e+01        6.64949303e-07    0.00   20.82
  135  394407.26        4.05645000e+01        8.11590593e-07    0.00   20.82
  136  394407.51        4.08583800e+01        9.65545363e-07    0.00   20.82
  137  394407.81        4.12266600e+01        1.16728560e-06    0.00   20.82
  138  394408.09        4.14821300e+01        1.39648235e-06    0.00   21.26
  139  394408.34        4.18021200e+01        1.59865644e-06    0.00   21.26
  140  394408.59        4.20657900e+01        1.93470424e-06    0.00   21.26
  141  394408.83        4.24183500e+01        2.19792726e-06    0.00   20.83
  142  394409.14        4.26830400e+01        2.71222555e-06    0.00   20.83
  143  394409.39        4.29668100e+01        4.08089839e-06    0.00   20.83
  144  394409.63        4.32734200e+01        4.06701519e-06    0.00   20.83
  145  394409.88        4.35943900e+01        5.34228617e-06    0.00   21.09
  146  394410.16        4.38954200e+01        5.71285602e-06    0.00   21.09
  147  394410.41        4.41729500e+01        7.27415808e-06    0.00   21.09
  148  394410.67        4.44519500e+01        8.98203946e-06    0.00   21.09
  149  394411.00        4.48071100e+01        9.22282713e-06    0.00   21.13
  150  394411.25        4.50653900e+01        1.26828611e-05    0.00   21.13
  151  394411.49        4.53697300e+01        1.48801384e-05    0.00   21.13
  152  394411.77        4.57069600e+01        1.63836855e-05    0.00   21.13
  153  394412.09        4.60111600e+01        2.19599304e-05    0.00   20.82