# Ic = 38.47 A, n = 27.64 , Tavg = 0.00 K, Anneal202_00K___3600s
#idx    t_s     iHTS_A                vHTS_V                tHTS_K  tTAR_K
    0  176408.72        1.02425700e-01        4.07199300e-09    0.00   21.21
    1  176408.97        3.91850400e-01       -3.18136170e-08    0.00   21.21
    2  176409.22        6.74455200e-01       -3.44167170e-08    0.00   21.21
    3  176409.57        1.01291600e+00        6.67509300e-09    0.00   20.77
    4  176409.82        1.28725000e+00        2.91733230e-08    0.00   20.77
    5  176410.07        1.55666400e+00        9.58809300e-09    0.00   20.77
    6  176410.37        1.91322500e+00        3.58050330e-08    0.00   21.18
    7  176410.65        2.18836700e+00        3.12186230e-08    0.00   21.18
    8  176410.89        2.49149200e+00        2.48968030e-08    0.00   21.18
    9  176411.14        2.77494300e+00        2.53926330e-08    0.00   21.18
   10  176411.40        3.11964900e+00       -2.21449570e-08    0.00   20.97
   11  176411.64        3.40285800e+00       -8.13785700e-09    0.00   20.97
   12  176411.89        3.68047300e+00       -3.92340700e-09    0.00   20.97
   13  176412.13        3.99044100e+00       -1.04931970e-08    0.00   20.97
   14  176412.42        4.29350200e+00        1.76450930e-08    0.00   20.93
   15  176412.67        4.64736000e+00       -9.99736700e-09    0.00   20.93
   16  176412.92        4.88584400e+00        1.16951430e-08    0.00   20.93
   17  176413.17        5.17794800e+00        3.25819330e-08    0.00   20.93
   18  176413.47        5.56165400e+00       -1.75421700e-09    0.00   21.21
   19  176413.75        5.81860200e+00        9.95974300e-09    0.00   21.21
   20  176413.99        6.10430200e+00        1.38643930e-08    0.00   21.21
   21  176414.29        6.45889800e+00        3.67345030e-08    0.00   21.21
   22  176414.61        6.75981300e+00        1.11373330e-08    0.00   20.79
   23  176414.85        7.01233900e+00       -4.52667000e-10    0.00   20.79
   24  176415.10        7.32508900e+00       -2.01618670e-08    0.00   20.79
   25  176415.49        7.67532300e+00       -1.71868870e-08    0.00   21.16
   26  176415.77        7.91917000e+00       -5.01595070e-08    0.00   21.16
   27  176416.01        8.22242000e+00       -5.25146970e-08    0.00   21.16
   28  176416.35        8.55225700e+00       -4.04908470e-08    0.00   21.16
   29  176416.62        8.86500600e+00       -4.19163570e-08    0.00   20.90
   30  176416.88        9.11653100e+00       -3.85695070e-08    0.00   20.90
   31  176417.13        9.39995200e+00       -5.64193470e-08    0.00   20.90
   32  176417.43        9.77313400e+00       -1.80545870e-08    0.00   20.93
   33  176417.71        1.00116600e+01       -1.13431700e-09    0.00   20.93
   34  176417.96        1.03150900e+01       -4.66701700e-09    0.00   20.93
   35  176418.21        1.06177000e+01        9.27816300e-09    0.00   20.93
   36  176418.53        1.09587800e+01       -4.24119870e-08    0.00   21.22
   37  176418.81        1.12074400e+01       -5.67290470e-08    0.00   21.22
   38  176419.05        1.15018600e+01       -3.80115070e-08    0.00   21.22
   39  176419.30        1.18557900e+01       -4.36515570e-08    0.00   21.22
   40  176419.55        1.21157800e+01       -4.69364270e-08    0.00   20.80
   41  176419.81        1.23913100e+01       -2.82188870e-08    0.00   20.80
   42  176420.05        1.26957600e+01       -2.48720470e-08    0.00   20.80
   43  176420.39        1.30504300e+01       -6.37326270e-08    0.00   21.19
   44  176420.72        1.33072100e+01       -7.11080770e-08    0.00   21.19
   45  176420.98        1.35847200e+01       -9.94322970e-08    0.00   21.19
   46  176421.22        1.38765100e+01       -6.04477570e-08    0.00   21.19
   47  176421.57        1.42223500e+01       -1.78064870e-08    0.00   20.95
   48  176421.81        1.44857500e+01       -3.47266370e-08    0.00   20.95
   49  176422.06        1.47858700e+01       -7.65002170e-08    0.00   20.95
   50  176422.45        1.51269000e+01       -5.42498970e-08    0.00   20.88
   51  176422.70        1.53751600e+01       -4.17302170e-08    0.00   20.88
   52  176422.95        1.56843300e+01       -3.75776570e-08    0.00   20.88
   53  176423.20        1.59893900e+01       -8.19543270e-08    0.00   20.88
   54  176423.48        1.63063100e+01       -9.72633770e-08    0.00   21.22
   55  176423.74        1.66134200e+01       -7.76786670e-08    0.00   21.22
   56  176423.98        1.68899600e+01       -1.34327377e-07    0.00   21.22
   57  176424.23        1.72238800e+01       -1.34823207e-07    0.00   21.22
   58  176424.61        1.75103900e+01       -1.07800507e-07    0.00   20.78
   59  176424.86        1.77889400e+01       -7.79267970e-08    0.00   20.78
   60  176425.11        1.80995000e+01       -1.00363067e-07    0.00   20.78
   61  176425.47        1.84296300e+01       -6.98695670e-08    0.00   21.19
   62  176425.73        1.87115600e+01       -1.01478687e-07    0.00   21.19
   63  176425.97        1.89995800e+01       -9.87516270e-08    0.00   21.19
   64  176426.22        1.92967800e+01       -1.11333287e-07    0.00   21.19
   65  176426.54        1.96174100e+01       -1.15113987e-07    0.00   20.92
   66  176426.79        1.98956900e+01       -1.14060357e-07    0.00   20.92
   67  176427.04        2.01989800e+01       -8.53642370e-08    0.00   20.92
   68  176427.40        2.05245800e+01       -8.22652970e-08    0.00   20.92
   69  176427.67        2.08212400e+01       -1.61350067e-07    0.00   20.90
   70  176427.92        2.10990300e+01       -1.22551427e-07    0.00   20.90
   71  176428.16        2.13716200e+01       -8.34428970e-08    0.00   20.90
   72  176428.54        2.17353700e+01       -7.65632670e-08    0.00   20.88
   73  176428.79        2.19993000e+01       -9.85656870e-08    0.00   20.88
   74  176429.03        2.23022300e+01       -1.17221267e-07    0.00   20.88
   75  176429.31        2.26450400e+01       -1.61969967e-07    0.00   20.79
   76  176429.61        2.29305500e+01       -1.34637627e-07    0.00   20.79
   77  176429.86        2.32039400e+01       -1.13317107e-07    0.00   20.79
   78  176430.10        2.34866600e+01       -1.12759297e-07    0.00   20.79
   79  176430.53        2.38336500e+01       -8.77199070e-08    0.00   21.12
   80  176430.78        2.41054000e+01       -1.40215857e-07    0.00   21.12
   81  176431.03        2.44102200e+01       -7.94147670e-08    0.00   21.12
   82  176431.32        2.47216700e+01       -8.00965370e-08    0.00   21.12
   83  176431.58        2.50248100e+01       -1.06561427e-07    0.00   20.94
   84  176431.83        2.53069600e+01       -1.06065597e-07    0.00   20.94
   85  176432.07        2.55780700e+01       -1.14990527e-07    0.00   20.94
   86  176432.35        2.59457700e+01       -1.13317107e-07    0.00   20.94
   87  176432.63        2.62352400e+01       -1.44554367e-07    0.00   20.89
   88  176432.88        2.64962900e+01       -1.59615187e-07    0.00   20.89
   89  176433.12        2.67763400e+01       -1.49574637e-07    0.00   20.89
   90  176433.55        2.71215300e+01       -1.34017987e-07    0.00   21.20
   91  176433.80        2.73999700e+01       -1.42447087e-07    0.00   21.20
   92  176434.05        2.76733800e+01       -1.48768917e-07    0.00   21.20
   93  176434.32        2.79897400e+01       -1.73064557e-07    0.00   21.20
   94  176434.61        2.83226800e+01       -1.56764167e-07    0.00   20.72
   95  176434.88        2.85980800e+01       -1.51619937e-07    0.00   20.72
   96  176435.13        2.88796400e+01       -1.75853557e-07    0.00   20.72
   97  176435.47        2.92265200e+01       -1.64573247e-07    0.00   21.17
   98  176435.73        2.95099500e+01       -1.37240487e-07    0.00   21.17
   99  176435.98        2.97809900e+01       -1.65936617e-07    0.00   21.17
  100  176436.23        3.01200900e+01       -1.91595777e-07    0.00   21.17
  101  176436.52        3.04021200e+01       -1.30794707e-07    0.00   20.94
  102  176436.78        3.07143200e+01       -1.18151067e-07    0.00   20.94
  103  176437.02        3.09955900e+01       -1.80315667e-07    0.00   20.94
  104  176437.26        3.13157300e+01       -1.94942627e-07    0.00   20.94
  105  176437.54        3.16528300e+01       -1.54098687e-07    0.00   20.90
  106  176437.79        3.18956400e+01       -1.54718477e-07    0.00   20.90
  107  176438.03        3.21999000e+01       -1.73374057e-07    0.00   20.90
  108  176438.32        3.25542300e+01       -1.81679197e-07    0.00   21.17
  109  176438.64        3.28579900e+01       -1.84282297e-07    0.00   21.17
  110  176438.88        3.30968200e+01       -2.05664937e-07    0.00   21.17
  111  176439.12        3.34138800e+01       -1.71886567e-07    0.00   21.17
  112  176439.37        3.37543900e+01       -1.38913917e-07    0.00   20.76
  113  176439.62        3.40293000e+01       -1.80253687e-07    0.00   20.76
  114  176439.87        3.43144700e+01       -1.78828177e-07    0.00   20.76
  115  176440.12        3.46186200e+01       -1.65006937e-07    0.00   20.76
  116  176440.43        3.49720200e+01       -1.55276287e-07    0.00   21.19
  117  176440.72        3.52195300e+01       -1.42074827e-07    0.00   21.19
  118  176440.96        3.55121400e+01       -1.56639817e-07    0.00   21.19
  119  176441.21        3.58233400e+01       -1.75109727e-07    0.00   21.19
  120  176441.55        3.61409900e+01       -1.81122017e-07    0.00   20.91
  121  176441.80        3.64202400e+01       -1.75234107e-07    0.00   20.91
  122  176442.05        3.67270800e+01       -1.11891877e-07    0.00   20.91
  123  176442.43        3.70850600e+01       -7.60062070e-08    0.00   20.90
  124  176442.68        3.73266000e+01       -3.20013270e-08    0.00   20.90
  125  176442.93        3.76319300e+01       -2.61753270e-08    0.00   20.90
  126  176443.17        3.79372900e+01        2.29118030e-08    0.00   20.90
  127  176443.53        3.82626500e+01        9.67284330e-08    0.00   21.23
  128  176443.84        3.85286400e+01        1.06892933e-07    0.00   21.23
  129  176444.09        3.88358500e+01        1.47179093e-07    0.00   21.23
  130  176444.51        3.91792000e+01        2.07174473e-07    0.00   20.68
  131  176444.76        3.94206000e+01        3.05534668e-07    0.00   20.68
  132  176445.02        3.97210300e+01        4.04018821e-07    0.00   20.68
  133  176445.31        4.00136600e+01        5.72229011e-07    0.00   20.68
  134  176445.56        4.03313600e+01        7.08830065e-07    0.00   21.19
  135  176445.80        4.06002200e+01        8.82432501e-07    0.00   21.19
  136  176446.05        4.08987200e+01        1.05839050e-06    0.00   21.19
  137  176446.42        4.12527000e+01        1.33072620e-06    0.00   20.96
  138  176446.68        4.14888200e+01        1.64006368e-06    0.00   20.96
  139  176446.93        4.17914400e+01        1.87056378e-06    0.00   20.96
  140  176447.17        4.21016000e+01        2.24237575e-06    0.00   20.96
  141  176447.42        4.24152200e+01        3.53234483e-06    0.00   20.93
  142  176447.68        4.27199100e+01        3.63839094e-06    0.00   20.93
  143  176447.92        4.30068600e+01        4.88863183e-06    0.00   20.93
  144  176448.17        4.33128000e+01        5.03806326e-06    0.00   20.93
  145  176448.49        4.36477000e+01        6.74354007e-06    0.00   21.17
  146  176448.74        4.39422700e+01        8.27764486e-06    0.00   21.17
  147  176448.98        4.42083200e+01        9.29688990e-06    0.00   21.17
  148  176449.24        4.45209900e+01        1.13105264e-05    0.00   21.17
  149  176449.53        4.48242900e+01        1.39827519e-05    0.00   20.76
  150  176449.80        4.51099400e+01        1.56234606e-05    0.00   20.76
  151  176450.05        4.54138200e+01        1.85073444e-05    0.00   20.76
  152  176450.33        4.57506400e+01        2.31438709e-05    0.00   21.29