# Ic = 38.58 A, n = 29.00 , Tavg = 0.00 K, Anneal190_00K___3600s
#idx    t_s     iHTS_A                vHTS_V                tHTS_K  tTAR_K
    0  139689.98        4.68984700e-02       -4.63914530e-08    0.00   21.25
    1  139690.24        3.77661300e-01       -5.42318300e-09    0.00   21.25
    2  139690.53        6.70564200e-01        6.16693700e-09    0.00   20.86
    3  139690.78        9.47189000e-01       -1.00716230e-08    0.00   20.86
    4  139691.04        1.24948300e+00       -1.87487130e-08    0.00   20.86
    5  139691.30        1.56635100e+00       -2.74877830e-08    0.00   20.86
    6  139691.63        1.86638200e+00       -3.50493930e-08    0.00   21.03
    7  139691.87        2.14631200e+00       -1.91212930e-08    0.00   21.03
    8  139692.12        2.45619300e+00       -7.90361300e-09    0.00   21.03
    9  139692.49        2.78364200e+00       -2.20969930e-08    0.00   21.17
   10  139692.77        3.06537700e+00       -3.04641830e-08    0.00   21.17
   11  139693.02        3.36313600e+00       -4.32938830e-08    0.00   21.17
   12  139693.32        3.67459000e+00       -6.62881630e-08    0.00   21.17
   13  139693.57        3.98906200e+00       -4.68886730e-08    0.00   20.92
   14  139693.83        4.26652000e+00       -3.27574130e-08    0.00   20.92
   15  139694.08        4.55025700e+00       -6.13918130e-08    0.00   20.92
   16  139694.41        4.90321400e+00       -4.53391930e-08    0.00   21.26
   17  139694.67        5.16794000e+00       -2.82949130e-08    0.00   21.26
   18  139694.91        5.47690200e+00       -5.44501330e-08    0.00   21.26
   19  139695.17        5.75978700e+00       -6.97590030e-08    0.00   21.26
   20  139695.52        6.10580900e+00       -3.78397130e-08    0.00   21.21
   21  139695.77        6.38699800e+00       -4.54011730e-08    0.00   21.21
   22  139696.01        6.69387700e+00       -4.21782530e-08    0.00   21.21
   23  139696.42        7.02792100e+00       -9.57902730e-08    0.00   20.80
   24  139696.66        7.32762600e+00       -9.88272530e-08    0.00   20.80
   25  139696.92        7.59868200e+00       -8.72991130e-08    0.00   20.80
   26  139697.16        7.86122100e+00       -4.56490930e-08    0.00   20.80
   27  139697.41        8.22078500e+00       -5.51319130e-08    0.00   21.24
   28  139697.67        8.49896400e+00       -7.39119130e-08    0.00   21.24
   29  139697.93        8.79989900e+00       -4.67655330e-08    0.00   21.24
   30  139698.17        9.08133300e+00       -4.37907330e-08    0.00   21.24
   31  139698.53        9.41745400e+00       -6.31282430e-08    0.00   20.80
   32  139698.82        9.69474200e+00       -1.00873573e-07    0.00   20.80
   33  139699.07        9.97122900e+00       -1.04344403e-07    0.00   20.80
   34  139699.40        1.03224900e+01       -1.01865233e-07    0.00   20.96
   35  139699.66        1.05863100e+01       -1.16368363e-07    0.00   20.96
   36  139699.90        1.08873200e+01       -1.38804833e-07    0.00   20.96
   37  139700.15        1.11648600e+01       -1.51138693e-07    0.00   20.96
   38  139700.48        1.14987300e+01       -1.84669433e-07    0.00   21.23
   39  139700.76        1.17816400e+01       -1.72335573e-07    0.00   21.23
   40  139701.00        1.20287600e+01       -1.38928793e-07    0.00   21.23
   41  139701.29        1.23932000e+01       -1.87024643e-07    0.00   21.23
   42  139701.58        1.26917100e+01       -1.67501203e-07    0.00   21.03
   43  139701.83        1.29705400e+01       -1.25789203e-07    0.00   21.03
   44  139702.07        1.32452600e+01       -1.70414223e-07    0.00   21.03
   45  139702.31        1.35976900e+01       -1.66075683e-07    0.00   21.24
   46  139702.58        1.38439300e+01       -1.26408993e-07    0.00   21.24
   47  139702.83        1.41387200e+01       -1.43453273e-07    0.00   21.24
   48  139703.07        1.44434900e+01       -1.55725153e-07    0.00   21.24
   49  139703.49        1.47853400e+01       -1.88884023e-07    0.00   20.93
   50  139703.75        1.50830500e+01       -1.78039733e-07    0.00   20.93
   51  139704.00        1.53360000e+01       -1.66947563e-07    0.00   20.93
   52  139704.24        1.56514300e+01       -1.57526733e-07    0.00   20.93
   53  139704.49        1.59822500e+01       -1.45626743e-07    0.00   20.96
   54  139704.74        1.62763200e+01       -1.65955893e-07    0.00   20.96
   55  139704.99        1.65383900e+01       -1.74570993e-07    0.00   20.96
   56  139705.30        1.68965200e+01       -1.75624633e-07    0.00   20.96
   57  139705.60        1.71962700e+01       -1.72959533e-07    0.00   21.22
   58  139705.85        1.74497100e+01       -2.00230353e-07    0.00   21.22
   59  139706.09        1.77538700e+01       -2.02089723e-07    0.00   21.22
   60  139706.34        1.81024900e+01       -2.07791803e-07    0.00   20.80
   61  139706.62        1.83370700e+01       -2.23534503e-07    0.00   20.80
   62  139706.90        1.86553400e+01       -2.13989713e-07    0.00   20.80
   63  139707.16        1.89617000e+01       -1.88144423e-07    0.00   20.80
   64  139707.55        1.92864000e+01       -1.85975153e-07    0.00   21.23
   65  139707.81        1.95539000e+01       -2.28616793e-07    0.00   21.23
   66  139708.05        1.98608100e+01       -2.42686053e-07    0.00   21.23
   67  139708.41        2.02094000e+01       -2.84150083e-07    0.00   20.94
   68  139708.70        2.04752400e+01       -2.78262073e-07    0.00   20.94
   69  139708.94        2.07548900e+01       -2.60474063e-07    0.00   20.94
   70  139709.18        2.10404400e+01       -2.85141753e-07    0.00   20.94
   71  139709.48        2.13802100e+01       -2.53718673e-07    0.00   20.94
   72  139709.76        2.16590000e+01       -2.55579983e-07    0.00   20.94
   73  139710.01        2.19424400e+01       -2.85826743e-07    0.00   20.94
   74  139710.26        2.23256700e+01       -2.83223623e-07    0.00   20.94
   75  139710.52        2.25815500e+01       -2.54713253e-07    0.00   20.88
   76  139710.76        2.28703100e+01       -2.62770533e-07    0.00   20.88
   77  139711.00        2.31713200e+01       -2.32028913e-07    0.00   20.88
   78  139711.29        2.34914400e+01       -2.65931463e-07    0.00   20.88
   79  139711.60        2.37940500e+01       -2.85702793e-07    0.00   20.79
   80  139711.85        2.40686500e+01       -2.65001773e-07    0.00   20.79
   81  139712.10        2.43723500e+01       -3.00143913e-07    0.00   20.79
   82  139712.43        2.46878900e+01       -3.26608983e-07    0.00   21.18
   83  139712.74        2.50030300e+01       -2.85021023e-07    0.00   21.18
   84  139712.98        2.52618300e+01       -2.80620503e-07    0.00   21.18
   85  139713.23        2.55225100e+01       -2.90909033e-07    0.00   21.18
   86  139713.50        2.58801800e+01       -2.72749163e-07    0.00   20.94
   87  139713.75        2.61849000e+01       -3.36277713e-07    0.00   20.94
   88  139713.99        2.64601200e+01       -3.05474113e-07    0.00   20.94
   89  139714.24        2.67932000e+01       -2.84587163e-07    0.00   20.94
   90  139714.53        2.70832400e+01       -2.91714763e-07    0.00   20.94
   91  139714.78        2.73845400e+01       -2.84153313e-07    0.00   20.94
   92  139715.02        2.76347300e+01       -3.14275143e-07    0.00   20.94
   93  139715.37        2.79881200e+01       -2.80000713e-07    0.00   20.89
   94  139715.66        2.82518400e+01       -2.87809643e-07    0.00   20.89
   95  139715.90        2.85683700e+01       -2.99895123e-07    0.00   20.89
   96  139716.15        2.88463000e+01       -3.11299273e-07    0.00   20.89
   97  139716.53        2.91967000e+01       -3.14398233e-07    0.00   21.01
   98  139716.83        2.94727400e+01       -3.19728433e-07    0.00   21.01
   99  139717.07        2.97496400e+01       -3.38817993e-07    0.00   21.01
  100  139717.32        3.00591300e+01       -3.44767983e-07    0.00   21.22
  101  139717.60        3.03994400e+01       -2.82417023e-07    0.00   21.22
  102  139717.89        3.06782600e+01       -3.13220623e-07    0.00   21.22
  103  139718.14        3.09355300e+01       -3.28901333e-07    0.00   21.22
  104  139718.40        3.12959100e+01       -3.58527343e-07    0.00   20.95
  105  139718.65        3.16172300e+01       -3.67886183e-07    0.00   20.95
  106  139718.89        3.18623600e+01       -3.45821633e-07    0.00   20.95
  107  139719.14        3.21476500e+01       -3.71728893e-07    0.00   20.95
  108  139719.50        3.25255900e+01       -3.53569013e-07    0.00   20.93
  109  139719.75        3.28190200e+01       -3.24934673e-07    0.00   20.93
  110  139719.99        3.30723400e+01       -3.71109103e-07    0.00   20.93
  111  139720.24        3.34246700e+01       -3.50222143e-07    0.00   20.93
  112  139720.52        3.37125100e+01       -3.28095613e-07    0.00   21.23
  113  139720.76        3.39598000e+01       -3.26856023e-07    0.00   21.23
  114  139721.01        3.42810500e+01       -3.06278973e-07    0.00   21.23
  115  139721.28        3.46387000e+01       -3.28653423e-07    0.00   20.79
  116  139721.57        3.49269600e+01       -3.12539493e-07    0.00   20.79
  117  139721.82        3.51856300e+01       -2.76282343e-07    0.00   20.79
  118  139722.06        3.54826600e+01       -3.28468723e-07    0.00   20.79
  119  139722.42        3.58426900e+01       -3.25803623e-07    0.00   21.23
  120  139722.67        3.61156300e+01       -3.04048973e-07    0.00   21.23
  121  139722.92        3.63848400e+01       -2.83533903e-07    0.00   21.23
  122  139723.17        3.66951400e+01       -2.51552703e-07    0.00   21.23
  123  139723.53        3.70390500e+01       -2.04386623e-07    0.00   20.95
  124  139723.77        3.72914600e+01       -1.63976273e-07    0.00   20.95
  125  139724.02        3.75931000e+01       -1.75814273e-07    0.00   20.95
  126  139724.32        3.79583100e+01       -1.70112203e-07    0.00   20.93
  127  139724.61        3.82221800e+01       -1.34660173e-07    0.00   20.93
  128  139724.87        3.84930200e+01       -6.20207030e-08    0.00   20.93
  129  139725.11        3.88015500e+01        2.76010370e-08    0.00   20.93
  130  139725.42        3.91424500e+01        8.64811470e-08    0.00   21.23
  131  139725.68        3.93899800e+01        2.60146507e-07    0.00   21.23
  132  139725.92        3.96921000e+01        3.52929167e-07    0.00   21.23
  133  139726.17        4.00050400e+01        4.26560307e-07    0.00   21.23
  134  139726.55        4.03087400e+01        5.98738167e-07    0.00   20.80
  135  139726.81        4.05734400e+01        8.54277867e-07    0.00   20.80
  136  139727.05        4.08702600e+01        1.00222191e-06    0.00   20.80
  137  139727.40        4.12361000e+01        1.33244707e-06    0.00   21.22
  138  139727.69        4.14603300e+01        1.65244640e-06    0.00   21.22
  139  139727.93        4.17793000e+01        1.86125419e-06    0.00   21.22
  140  139728.17        4.20461300e+01        2.94148781e-06    0.00   21.22
  141  139728.53        4.23724800e+01        3.04542675e-06    0.00   20.97
  142  139728.77        4.26904200e+01        3.49403143e-06    0.00   20.97
  143  139729.02        4.29698100e+01        4.97427811e-06    0.00   20.97
  144  139729.36        4.33282800e+01        5.24605643e-06    0.00   20.93
  145  139729.66        4.35422400e+01        6.98574762e-06    0.00   20.93
  146  139729.91        4.38551600e+01        8.72785592e-06    0.00   20.93
  147  139730.16        4.41741500e+01        1.01984958e-05    0.00   20.93
  148  139730.54        4.44691100e+01        1.21751949e-05    0.00   21.25
  149  139730.78        4.47648000e+01        1.50182998e-05    0.00   21.25
  150  139731.02        4.50534000e+01        1.76144179e-05    0.00   21.25
  151  139731.31        4.53632900e+01        2.09107138e-05    0.00   21.25