# Ic = 38.65 A, n = 28.57 , Tavg = 0.00 K, Anneal202_00K___3600s
#idx    t_s     iHTS_A                vHTS_V                tHTS_K  tTAR_K
    0  176271.65        7.16425400e-02        2.26841975e-08    0.00   21.25
    1  176271.89        3.77533500e-01        2.77664689e-08    0.00   21.25
    2  176272.14        6.71477600e-01        4.05961195e-08    0.00   21.25
    3  176272.43        9.99078300e-01        3.40884906e-09    0.00   20.89
    4  176272.70        1.27731700e+00        2.20645245e-08    0.00   20.89
    5  176272.94        1.55186900e+00        5.32398330e-08    0.00   20.89
    6  176273.18        1.87492800e+00       -8.67710854e-09    0.00   20.89
    7  176273.49        2.21681400e+00       -1.31395762e-08    0.00   20.89
    8  176273.76        2.48619300e+00        8.42904396e-09    0.00   21.29
    9  176274.00        2.76492800e+00        2.30560658e-08    0.00   21.29
   10  176274.29        3.11830900e+00        8.86287746e-09    0.00   21.29
   11  176274.54        3.42211900e+00        3.12992712e-08    0.00   20.84
   12  176274.79        3.67547700e+00       -1.85945834e-09    0.00   20.84
   13  176275.04        3.98026200e+00       -1.51229617e-08    0.00   20.84
   14  176275.33        4.33828900e+00        2.29313276e-09    0.00   21.11
   15  176275.62        4.62887000e+00        1.43790355e-08    0.00   21.11
   16  176275.87        4.87792700e+00        2.39857906e-08    0.00   21.11
   17  176276.11        5.18695800e+00       -4.35711881e-08    0.00   21.11
   18  176276.48        5.53654000e+00       -6.85485691e-08    0.00   21.14
   19  176276.74        5.82922900e+00       -7.28250281e-08    0.00   21.14
   20  176276.98        6.09514900e+00       -3.37164721e-08    0.00   21.14
   21  176277.23        6.43543200e+00       -5.26200701e-08    0.00   21.14
   22  176277.59        6.75244700e+00       -4.88395211e-08    0.00   20.84
   23  176277.86        7.00023300e+00       -3.79311991e-08    0.00   20.84
   24  176278.10        7.31408700e+00       -6.83628501e-08    0.00   20.84
   25  176278.40        7.67227700e+00       -6.35905141e-08    0.00   21.17
   26  176278.65        7.94676200e+00       -1.95234844e-08    0.00   21.17
   27  176278.90        8.20952800e+00       -3.91087741e-08    0.00   21.17
   28  176279.15        8.49891800e+00       -3.35926441e-08    0.00   21.17
   29  176279.48        8.86117500e+00       -2.35520634e-08    0.00   20.91
   30  176279.73        9.13742700e+00       -4.12780561e-08    0.00   20.91
   31  176279.97        9.41101900e+00       -7.64200741e-08    0.00   20.91
   32  176280.22        9.72045000e+00       -7.74117181e-08    0.00   20.91
   33  176280.52        1.00290000e+01       -7.89611631e-08    0.00   21.15
   34  176280.79        1.03101200e+01       -7.44367721e-08    0.00   21.15
   35  176281.03        1.06079600e+01       -1.01893352e-07    0.00   21.15
   36  176281.31        1.09714300e+01       -7.63580281e-08    0.00   21.12
   37  176281.75        1.12060200e+01       -8.71423991e-08    0.00   21.12
   38  176282.01        1.14934600e+01       -6.45820531e-08    0.00   21.12
   39  176282.26        1.18113300e+01       -8.93736501e-08    0.00   21.12
   40  176282.54        1.21074100e+01       -7.74737651e-08    0.00   20.81
   41  176282.78        1.23825700e+01       -6.38383661e-08    0.00   20.81
   42  176283.04        1.26739400e+01       -8.05106281e-08    0.00   20.81
   43  176283.36        1.30388700e+01       -1.20796909e-07    0.00   20.81
   44  176283.62        1.33093500e+01       -1.32882685e-07    0.00   21.20
   45  176283.87        1.35959400e+01       -1.60835059e-07    0.00   21.20
   46  176284.11        1.38823000e+01       -1.32634807e-07    0.00   21.20
   47  176284.48        1.41926100e+01       -8.80101811e-08    0.00   21.20
   48  176284.75        1.44859200e+01       -1.30465742e-07    0.00   20.92
   49  176284.99        1.47770700e+01       -1.08091328e-07    0.00   20.92
   50  176285.29        1.51229700e+01       -1.13793398e-07    0.00   20.92
   51  176285.56        1.53939800e+01       -1.22718288e-07    0.00   21.04
   52  176285.82        1.56740500e+01       -1.36911426e-07    0.00   21.04
   53  176286.07        1.59794800e+01       -1.54513379e-07    0.00   21.04
   54  176286.46        1.63038500e+01       -1.28606232e-07    0.00   21.12
   55  176286.71        1.65736000e+01       -1.18255870e-07    0.00   21.12
   56  176286.97        1.68736500e+01       -1.29597973e-07    0.00   21.12
   57  176287.21        1.71934200e+01       -1.64616025e-07    0.00   21.12
   58  176287.48        1.75038300e+01       -1.53583855e-07    0.00   20.82
   59  176287.76        1.77851400e+01       -1.03442915e-07    0.00   20.82
   60  176288.01        1.80886500e+01       -1.04930368e-07    0.00   20.82
   61  176288.29        1.84138800e+01       -1.40816081e-07    0.00   20.82
   62  176288.68        1.87209900e+01       -1.72487268e-07    0.00   21.18
   63  176288.93        1.89837400e+01       -2.05026145e-07    0.00   21.18
   64  176289.17        1.92654900e+01       -1.53397879e-07    0.00   21.18
   65  176289.53        1.96183700e+01       -1.38399107e-07    0.00   20.82
   66  176289.79        1.98855000e+01       -1.93498177e-07    0.00   20.82
   67  176290.04        2.01922500e+01       -2.13331309e-07    0.00   20.82
   68  176290.35        2.05065900e+01       -1.59905630e-07    0.00   20.82
   69  176290.59        2.08074000e+01       -1.59161876e-07    0.00   21.13
   70  176290.84        2.10918800e+01       -1.28606329e-07    0.00   21.13
   71  176291.10        2.13504600e+01       -1.60029668e-07    0.00   21.13
   72  176291.38        2.17338500e+01       -1.65607739e-07    0.00   21.09
   73  176291.63        2.20246400e+01       -1.81412297e-07    0.00   21.09
   74  176291.88        2.22930900e+01       -2.26037026e-07    0.00   21.09
   75  176292.13        2.25800500e+01       -2.18599593e-07    0.00   21.09
   76  176292.40        2.29159500e+01       -1.83891467e-07    0.00   20.80
   77  176292.66        2.32003700e+01       -1.97960654e-07    0.00   20.80
   78  176292.91        2.34805700e+01       -1.84077407e-07    0.00   20.80
   79  176293.15        2.37829800e+01       -1.99572081e-07    0.00   20.80
   80  176293.40        2.41189600e+01       -1.81040451e-07    0.00   21.25
   81  176293.67        2.44416800e+01       -1.65669612e-07    0.00   21.25
   82  176293.91        2.46780500e+01       -2.06265710e-07    0.00   21.25
   83  176294.16        2.49810300e+01       -2.32606777e-07    0.00   21.25
   84  176294.43        2.53479900e+01       -1.89035681e-07    0.00   20.74
   85  176294.68        2.56031100e+01       -1.81908152e-07    0.00   20.74
   86  176294.93        2.58751300e+01       -1.69078441e-07    0.00   20.74
   87  176295.17        2.61613400e+01       -1.79552868e-07    0.00   20.74
   88  176295.47        2.65165200e+01       -1.82713888e-07    0.00   21.06
   89  176295.73        2.67991900e+01       -2.15500591e-07    0.00   21.06
   90  176295.97        2.70735300e+01       -2.41407649e-07    0.00   21.06
   91  176296.22        2.73894100e+01       -2.29941701e-07    0.00   21.06
   92  176296.48        2.76978800e+01       -2.45932247e-07    0.00   21.09
   93  176296.73        2.79687900e+01       -2.33660485e-07    0.00   21.09
   94  176296.97        2.82846600e+01       -2.12277757e-07    0.00   21.09
   95  176297.24        2.86418900e+01       -2.54671179e-07    0.00   21.09
   96  176297.49        2.89023500e+01       -2.62852365e-07    0.00   20.79
   97  176297.73        2.92093600e+01       -1.96659062e-07    0.00   20.79
   98  176297.98        2.94838500e+01       -2.01555401e-07    0.00   20.79
   99  176298.24        2.98256200e+01       -2.10480314e-07    0.00   20.79
  100  176298.60        3.01113900e+01       -2.36387444e-07    0.00   21.28
  101  176298.85        3.03917900e+01       -2.67996530e-07    0.00   21.28
  102  176299.11        3.06958300e+01       -2.47047833e-07    0.00   21.28
  103  176299.49        3.10281900e+01       -2.74256506e-07    0.00   20.83
  104  176299.75        3.13188700e+01       -2.28454186e-07    0.00   20.83
  105  176299.99        3.16064400e+01       -1.93064325e-07    0.00   20.83
  106  176300.25        3.19445800e+01       -2.24239615e-07    0.00   20.83
  107  176300.54        3.22280300e+01       -2.48287378e-07    0.00   21.04
  108  176300.81        3.25091200e+01       -2.28640082e-07    0.00   21.04
  109  176301.06        3.28129400e+01       -2.30747338e-07    0.00   21.04
  110  176301.46        3.31444700e+01       -2.51324320e-07    0.00   21.09
  111  176301.71        3.34166200e+01       -2.49712917e-07    0.00   21.09
  112  176301.96        3.37155300e+01       -2.37193258e-07    0.00   21.09
  113  176302.20        3.39892400e+01       -2.58204046e-07    0.00   21.09
  114  176302.53        3.43352000e+01       -2.47977581e-07    0.00   20.78
  115  176302.78        3.46120700e+01       -2.52316027e-07    0.00   20.78
  116  176303.03        3.49099100e+01       -2.58203999e-07    0.00   20.78
  117  176303.31        3.52411200e+01       -2.29569725e-07    0.00   20.78
  118  176303.63        3.55485000e+01       -1.84821070e-07    0.00   21.21
  119  176303.88        3.58154300e+01       -1.59037973e-07    0.00   21.21
  120  176304.14        3.61009400e+01       -1.80730547e-07    0.00   21.21
  121  176304.48        3.64510300e+01       -1.63748361e-07    0.00   20.80
  122  176304.72        3.67381000e+01       -1.81598184e-07    0.00   20.80
  123  176304.97        3.70359500e+01       -1.73602896e-07    0.00   20.80
  124  176305.21        3.73093400e+01       -1.62074780e-07    0.00   20.80
  125  176305.51        3.76136900e+01       -8.31757201e-08    0.00   21.05
  126  176305.77        3.79363500e+01       -3.61337141e-08    0.00   21.05
  127  176306.01        3.82173300e+01       -4.93971681e-08    0.00   21.05
  128  176306.36        3.85712400e+01        2.69608672e-08    0.00   21.11
  129  176306.68        3.88352000e+01        1.40196376e-07    0.00   21.11
  130  176306.93        3.91273200e+01        2.01431621e-07    0.00   21.11
  131  176307.18        3.94116700e+01        2.56840841e-07    0.00   21.11
  132  176307.46        3.97463900e+01        3.90343591e-07    0.00   20.75
  133  176307.71        4.00256100e+01        5.91341464e-07    0.00   20.75
  134  176307.96        4.02983400e+01        6.83876100e-07    0.00   20.75
  135  176308.20        4.05977000e+01        7.99219005e-07    0.00   20.75
  136  176308.46        4.09513000e+01        1.02661993e-06    0.00   21.31
  137  176308.74        4.12557100e+01        1.28315098e-06    0.00   21.31
  138  176308.99        4.14821400e+01        1.52381540e-06    0.00   21.31
  139  176309.24        4.18471200e+01        1.83203693e-06    0.00   21.31
  140  176309.55        4.21327600e+01        2.23192539e-06    0.00   20.78
  141  176309.80        4.23824600e+01        2.74374791e-06    0.00   20.78
  142  176310.06        4.26885400e+01        4.01977139e-06    0.00   20.78
  143  176310.30        4.30546700e+01        4.17515272e-06    0.00   21.17
  144  176310.55        4.33396500e+01        5.96058153e-06    0.00   21.17
  145  176310.81        4.35947100e+01        6.21110061e-06    0.00   21.17
  146  176311.05        4.38733800e+01        7.88100056e-06    0.00   21.17
  147  176311.36        4.42436400e+01        9.54098386e-06    0.00   21.05
  148  176311.63        4.45126000e+01        1.10766373e-05    0.00   21.05
  149  176311.88        4.47651600e+01        1.31673079e-05    0.00   21.05
  150  176312.12        4.50995900e+01        1.61866752e-05    0.00   21.05
  151  176312.47        4.54344100e+01        1.95918616e-05    0.00   20.70
  152  176312.73        4.57059900e+01        2.35208941e-05    0.00   20.70