# Ic = 38.68 A, n = 27.60 , Tavg = 0.00 K, Anneal235_00K___3600s
#idx    t_s     iHTS_A                vHTS_V                tHTS_K  tTAR_K
    0  281703.85        8.01727900e-02       -3.36792800e-08    0.00   20.78
    1  281704.10        3.88050700e-01        5.95368200e-08    0.00   20.78
    2  281704.37        7.22566700e-01        6.36274200e-08    0.00   20.91
    3  281704.67        1.00387900e+00        1.37345200e-08    0.00   20.91
    4  281704.92        1.28271500e+00        6.39986200e-08    0.00   20.91
    5  281705.16        1.56048000e+00       -2.64800000e-11    0.00   20.91
    6  281705.46        1.90937000e+00        6.65381200e-08    0.00   21.21
    7  281705.74        2.18985300e+00        8.90984200e-08    0.00   21.21
    8  281705.99        2.48856800e+00        5.61292000e-09    0.00   21.21
    9  281706.25        2.82198300e+00        5.36465200e-08    0.00   21.21
   10  281706.62        3.12141000e+00        3.55487200e-08    0.00   20.76
   11  281706.86        3.39130100e+00       -2.92810800e-08    0.00   20.76
   12  281707.10        3.67957000e+00       -4.84325800e-08    0.00   20.76
   13  281707.48        4.02461200e+00       -2.34550800e-08    0.00   21.22
   14  281707.72        4.30355200e+00        3.69742200e-08    0.00   21.22
   15  281707.96        4.60409900e+00        8.02354200e-08    0.00   21.22
   16  281708.21        4.88775300e+00        4.76345200e-08    0.00   21.22
   17  281708.55        5.23931700e+00       -1.09973800e-08    0.00   20.92
   18  281708.79        5.51199400e+00        2.71815200e-08    0.00   20.92
   19  281709.04        5.79213700e+00        2.22232200e-08    0.00   20.92
   20  281709.31        6.16073900e+00       -6.05803800e-08    0.00   20.92
   21  281709.64        6.45963400e+00       -7.83648000e-09    0.00   20.93
   22  281709.89        6.72995900e+00        2.48263200e-08    0.00   20.93
   23  281710.14        7.01030100e+00       -1.28567800e-08    0.00   20.93
   24  281710.39        7.37925300e+00        2.76774200e-08    0.00   21.20
   25  281710.65        7.64808500e+00       -2.87818000e-09    0.00   21.20
   26  281710.89        7.91493300e+00       -9.88806800e-08    0.00   21.20
   27  281711.14        8.22623700e+00       -7.14213800e-08    0.00   21.20
   28  281711.53        8.56877500e+00       -7.78657800e-08    0.00   20.78
   29  281711.82        8.83820800e+00       -1.57010800e-08    0.00   20.78
   30  281712.06        9.11221200e+00        5.50787200e-08    0.00   20.78
   31  281712.30        9.47528400e+00        1.03300200e-08    0.00   21.21
   32  281712.55        9.75805400e+00       -7.89178000e-09    0.00   21.21
   33  281712.80        1.00095500e+01       -3.54722800e-08    0.00   21.21
   34  281713.04        1.03219800e+01       -4.81779800e-08    0.00   21.21
   35  281713.30        1.06698900e+01        2.96054200e-08    0.00   20.93
   36  281713.61        1.09568400e+01       -3.36129800e-08    0.00   20.93
   37  281713.86        1.12028800e+01       -9.69552800e-08    0.00   20.93
   38  281714.10        1.15013600e+01       -8.30720800e-08    0.00   20.93
   39  281714.45        1.18483400e+01       -9.58396800e-08    0.00   20.93
   40  281714.71        1.20933600e+01       -5.34461800e-08    0.00   20.93
   41  281714.96        1.23818600e+01        3.47497200e-08    0.00   20.93
   42  281715.22        1.26981400e+01        1.39868200e-08    0.00   20.93
   43  281715.56        1.30357100e+01        1.39868200e-08    0.00   21.20
   44  281715.80        1.32815400e+01       -1.01849800e-08    0.00   21.20
   45  281716.05        1.35859500e+01       -5.36320800e-08    0.00   21.20
   46  281716.33        1.39547500e+01       -3.72076800e-08    0.00   20.77
   47  281716.62        1.42012700e+01       -1.97284800e-08    0.00   20.77
   48  281716.87        1.44756200e+01       -7.99048800e-08    0.00   20.77
   49  281717.12        1.47824400e+01       -6.05005800e-08    0.00   20.77
   50  281717.50        1.51357100e+01       -9.34100800e-08    0.00   21.22
   51  281717.75        1.53847400e+01       -2.04609800e-08    0.00   21.22
   52  281718.00        1.56794500e+01       -4.54384800e-08    0.00   21.22
   53  281718.26        1.60307700e+01       -4.41880000e-10    0.00   21.22
   54  281718.56        1.63075800e+01       -3.63275800e-08    0.00   20.90
   55  281718.82        1.65812700e+01       -7.72335800e-08    0.00   20.90
   56  281719.06        1.68833300e+01       -1.79818800e-08    0.00   20.90
   57  281719.47        1.72405900e+01       -9.57652800e-08    0.00   20.94
   58  281719.73        1.74829900e+01       -8.15101800e-08    0.00   20.94
   59  281719.97        1.77878500e+01        2.58991200e-08    0.00   20.94
   60  281720.22        1.81047300e+01       -1.85396800e-08    0.00   20.94
   61  281720.49        1.84160600e+01       -2.00891800e-08    0.00   21.18
   62  281720.74        1.86945300e+01       -5.39915800e-08    0.00   21.18
   63  281720.98        1.89995100e+01       -1.10206380e-07    0.00   21.18
   64  281721.24        1.93167400e+01       -7.98986800e-08    0.00   21.18
   65  281721.57        1.96304300e+01       -1.03946480e-07    0.00   20.77
   66  281721.82        1.98955500e+01       -1.60409280e-07    0.00   20.77
   67  281722.07        2.01996300e+01       -1.16466280e-07    0.00   20.77
   68  281722.32        2.05358500e+01       -7.93408800e-08    0.00   21.21
   69  281722.62        2.08197700e+01       -9.98529800e-08    0.00   21.21
   70  281722.86        2.10963200e+01       -6.42077800e-08    0.00   21.21
   71  281723.11        2.13843800e+01       -1.32318180e-07    0.00   21.21
   72  281723.50        2.17337000e+01       -1.27607780e-07    0.00   20.90
   73  281723.78        2.20013200e+01       -4.77169800e-08    0.00   20.90
   74  281724.04        2.23063700e+01       -7.61033800e-08    0.00   20.90
   75  281724.32        2.26507800e+01       -1.30768680e-07    0.00   20.93
   76  281724.69        2.29344800e+01       -7.30663800e-08    0.00   20.93
   77  281724.93        2.32003500e+01       -1.85268000e-09    0.00   20.93
   78  281725.17        2.34829800e+01       -8.42845800e-08    0.00   20.93
   79  281725.50        2.38290800e+01       -3.72425800e-08    0.00   21.19
   80  281725.74        2.41068600e+01       -1.14406280e-07    0.00   21.19
   81  281726.00        2.44068900e+01       -1.38516080e-07    0.00   21.19
   82  281726.26        2.47444400e+01       -1.15645880e-07    0.00   21.19
   83  281726.54        2.50258200e+01       -1.15831780e-07    0.00   20.76
   84  281726.81        2.53066700e+01       -1.02196480e-07    0.00   20.76
   85  281727.06        2.55828200e+01       -5.98648800e-08    0.00   20.76
   86  281727.36        2.59435800e+01       -1.04799580e-07    0.00   21.22
   87  281727.67        2.62221400e+01       -1.07836480e-07    0.00   21.22
   88  281727.93        2.65011400e+01       -7.26324800e-08    0.00   21.22
   89  281728.17        2.67765700e+01       -1.15645880e-07    0.00   21.22
   90  281728.47        2.71298600e+01       -1.62873780e-07    0.00   20.88
   91  281728.75        2.73941000e+01       -1.46015380e-07    0.00   20.88
   92  281729.00        2.76702900e+01       -1.60394480e-07    0.00   20.88
   93  281729.25        2.80360900e+01       -2.00866680e-07    0.00   20.88
   94  281729.51        2.83231200e+01       -1.11864980e-07    0.00   20.95
   95  281729.76        2.86091300e+01       -1.20480080e-07    0.00   20.95
   96  281730.02        2.88776800e+01       -6.19719800e-08    0.00   20.95
   97  281730.37        2.92371300e+01       -9.48207800e-08    0.00   21.17
   98  281730.69        2.95262000e+01       -6.64964800e-08    0.00   21.17
   99  281730.93        2.97803400e+01       -1.31636280e-07    0.00   21.17
  100  281731.18        3.00922000e+01       -1.22959180e-07    0.00   21.17
  101  281731.54        3.04330800e+01       -1.96342180e-07    0.00   20.76
  102  281731.79        3.07162300e+01       -1.69009480e-07    0.00   20.76
  103  281732.03        3.09876000e+01       -7.93260800e-08    0.00   20.76
  104  281732.33        3.13504900e+01       -1.37586280e-07    0.00   20.76
  105  281732.58        3.16487200e+01       -9.32713800e-08    0.00   21.21
  106  281732.84        3.19024600e+01       -6.38313800e-08    0.00   21.21
  107  281733.08        3.22094200e+01       -1.38515880e-07    0.00   21.21
  108  281733.40        3.25664300e+01       -1.10935280e-07    0.00   20.88
  109  281733.67        3.28297500e+01       -1.43908080e-07    0.00   20.88
  110  281733.93        3.30940800e+01       -2.06010880e-07    0.00   20.88
  111  281734.18        3.34116200e+01       -1.42234680e-07    0.00   20.88
  112  281734.42        3.37551700e+01       -1.29528580e-07    0.00   20.94
  113  281734.67        3.40079600e+01       -1.50538880e-07    0.00   20.94
  114  281734.91        3.43127800e+01       -1.31696880e-07    0.00   20.94
  115  281735.15        3.45908800e+01       -2.10719980e-07    0.00   20.94
  116  281735.53        3.49555600e+01       -1.50538480e-07    0.00   21.18
  117  281735.81        3.52116500e+01       -7.72793800e-08    0.00   21.18
  118  281736.06        3.55196500e+01       -9.39516800e-08    0.00   21.18
  119  281736.41        3.58797100e+01       -7.90767800e-08    0.00   20.76
  120  281736.67        3.61193000e+01       -7.33747800e-08    0.00   20.76
  121  281736.92        3.64148800e+01       -7.81470800e-08    0.00   20.76
  122  281737.16        3.67341100e+01       -1.06347480e-07    0.00   20.76
  123  281737.50        3.70221100e+01       -4.12076800e-08    0.00   21.22
  124  281737.75        3.73285800e+01       -1.01562800e-08    0.00   21.22
  125  281738.00        3.76322700e+01       -5.98633800e-08    0.00   21.22
  126  281738.26        3.79423800e+01        6.13673200e-08    0.00   21.22
  127  281738.57        3.82587400e+01        8.56011200e-08    0.00   20.87
  128  281738.82        3.85383000e+01        1.10020820e-07    0.00   20.87
  129  281739.08        3.88312800e+01        2.50031020e-07    0.00   20.87
  130  281739.46        3.91857000e+01        2.49907120e-07    0.00   20.95
  131  281739.72        3.94250400e+01        3.22422420e-07    0.00   20.95
  132  281739.96        3.97328200e+01        4.17560020e-07    0.00   20.95
  133  281740.21        4.00249400e+01        4.81147820e-07    0.00   20.95
  134  281740.47        4.03338700e+01        6.33482120e-07    0.00   21.17
  135  281740.73        4.06163800e+01        8.08931920e-07    0.00   21.17
  136  281740.97        4.09296600e+01        8.74319620e-07    0.00   21.17
  137  281741.22        4.11904900e+01        1.16047582e-06    0.00   21.17
  138  281741.54        4.15220800e+01        1.47123772e-06    0.00   20.77
  139  281741.80        4.18027800e+01        1.71704572e-06    0.00   20.77
  140  281742.04        4.21007500e+01        2.03214612e-06    0.00   20.77
  141  281742.37        4.24352900e+01        2.34613082e-06    0.00   21.22
  142  281742.62        4.27230000e+01        2.91639802e-06    0.00   21.22
  143  281742.87        4.30050100e+01        4.22185802e-06    0.00   21.22
  144  281743.12        4.33219200e+01        4.47299622e-06    0.00   21.22
  145  281743.51        4.36498000e+01        5.90005862e-06    0.00   20.89
  146  281743.80        4.39011000e+01        7.19287502e-06    0.00   20.89
  147  281744.05        4.42131200e+01        8.47032052e-06    0.00   20.89
  148  281744.31        4.45318300e+01        9.76121552e-06    0.00   20.95
  149  281744.68        4.48348800e+01        1.12105903e-05    0.00   20.95
  150  281744.93        4.51138900e+01        1.41032659e-05    0.00   20.95
  151  281745.17        4.53869600e+01        1.61296016e-05    0.00   20.95
  152  281745.54        4.57226200e+01        1.97956489e-05    0.00   21.18
  153  281745.78        4.60008900e+01        2.37826845e-05    0.00   21.18