# Ic = 37.46 A, n = 25.41 , Tavg = 0.00 K, 21KAfter142KAnneal
#idx    t_s     iHTS_A                vHTS_V                tHTS_K  tTAR_K
    0  28603.54        1.37569400e-01        7.95197000e-09    0.00   20.90
    1  28603.80        4.32188000e-01        2.48102700e-08    0.00   20.90
    2  28604.05        6.77562200e-01        3.17513700e-08    0.00   20.90
    3  28604.29        9.62329500e-01        1.48906700e-08    0.00   20.90
    4  28604.60        1.32820800e+00        3.83778700e-08    0.00   21.33
    5  28604.85        1.57326900e+00        6.01325700e-08    0.00   21.33
    6  28605.10        1.87979400e+00        1.98670000e-10    0.00   21.33
    7  28605.35        2.16535100e+00        5.52887000e-09    0.00   21.33
    8  28605.64        2.52902800e+00        3.30476700e-08    0.00   20.85
    9  28605.92        2.79048300e+00        8.81377000e-09    0.00   20.85
   10  28606.16        3.09366200e+00        1.50736700e-08    0.00   20.85
   11  28606.42        3.46303100e+00        2.31929700e-08    0.00   20.85
   12  28606.71        3.71630700e+00        3.42252700e-08    0.00   21.21
   13  28606.96        4.02802400e+00        7.40158700e-08    0.00   21.21
   14  28607.20        4.30863700e+00        4.63731700e-08    0.00   21.21
   15  28607.59        4.65435300e+00        1.78627700e-08    0.00   21.21
   16  28607.84        4.89949200e+00        9.92947000e-09    0.00   21.14
   17  28608.08        5.20311800e+00        3.06924700e-08    0.00   21.14
   18  28608.33        5.51748000e+00        3.26757700e-08    0.00   21.14
   19  28608.65        5.82318400e+00        4.84804700e-08    0.00   21.14
   20  28608.92        6.12146500e+00        5.15794700e-08    0.00   20.89
   21  28609.16        6.42631700e+00        1.66851700e-08    0.00   20.89
   22  28609.45        6.73083400e+00        2.82132700e-08    0.00   20.89
   23  28609.72        7.04912200e+00        1.03012700e-08    0.00   21.34
   24  28609.97        7.33510300e+00        3.11265700e-08    0.00   21.34
   25  28610.22        7.64333600e+00        3.99286700e-08    0.00   21.34
   26  28610.47        7.95880100e+00        7.82447000e-09    0.00   20.84
   27  28610.77        8.25421900e+00        2.75341700e-08    0.00   20.84
   28  28611.02        8.53875700e+00        5.78419700e-08    0.00   20.84
   29  28611.26        8.84362600e+00        5.75940700e-08    0.00   20.84
   30  28611.51        9.16403400e+00        5.86476700e-08    0.00   21.21
   31  28611.77        9.44945600e+00        5.72841700e-08    0.00   21.21
   32  28612.03        9.71215000e+00        5.90195700e-08    0.00   21.21
   33  28612.27        1.00151300e+01        5.25117700e-08    0.00   21.21
   34  28612.62        1.03643800e+01        3.37320700e-08    0.00   21.21
   35  28612.90        1.06597000e+01        7.51487000e-09    0.00   21.13
   36  28613.16        1.09301800e+01        2.95174700e-08    0.00   21.13
   37  28613.44        1.12494500e+01        1.69356700e-08    0.00   20.88
   38  28613.71        1.15440800e+01        1.87330700e-08    0.00   20.88
   39  28613.96        1.18180000e+01        3.86903700e-08    0.00   20.88
   40  28614.20        1.20854800e+01        5.83997700e-08    0.00   20.88
   41  28614.50        1.23853300e+01        7.64356700e-08    0.00   20.88
   42  28614.81        1.27375900e+01        4.37106700e-08    0.00   21.32
   43  28615.06        1.30136600e+01        2.48070700e-08    0.00   21.32
   44  28615.31        1.32644600e+01        2.97653700e-08    0.00   21.32
   45  28615.55        1.36249700e+01        2.49309700e-08    0.00   20.84
   46  28615.81        1.39323200e+01        5.13341700e-08    0.00   20.84
   47  28616.06        1.41795300e+01        3.72000700e-08    0.00   20.84
   48  28616.31        1.45220500e+01        2.47394700e-08    0.00   20.84
   49  28616.58        1.48273100e+01        3.47787700e-08    0.00   21.20
   50  28616.83        1.51009700e+01        6.95007000e-09    0.00   21.20
   51  28617.08        1.53796500e+01       -2.71863000e-09    0.00   21.20
   52  28617.32        1.56873000e+01        3.55224700e-08    0.00   21.20
   53  28617.70        1.60089500e+01        2.07714700e-08    0.00   21.14
   54  28617.96        1.62876700e+01        3.01302700e-08    0.00   21.14
   55  28618.20        1.65825000e+01        5.12032700e-08    0.00   21.14
   56  28618.60        1.69287200e+01        3.26714700e-08    0.00   20.88
   57  28618.87        1.72226000e+01        1.27141700e-08    0.00   20.88
   58  28619.12        1.74896600e+01        6.95007000e-09    0.00   20.88
   59  28619.42        1.77776700e+01        6.51627000e-09    0.00   20.88
   60  28619.69        1.81393600e+01        1.36438700e-08    0.00   21.33
   61  28619.93        1.83921500e+01        2.66594700e-08    0.00   21.33
   62  28620.18        1.86803400e+01        3.46547700e-08    0.00   21.33
   63  28620.44        1.90390500e+01        5.27667000e-09    0.00   20.83
   64  28620.74        1.93170900e+01        2.75891700e-08    0.00   20.83
   65  28620.98        1.95966700e+01        2.62256700e-08    0.00   20.83
   66  28621.23        1.98805300e+01        2.83948700e-08    0.00   20.83
   67  28621.47        2.02458600e+01        3.72579700e-08    0.00   21.20
   68  28621.75        2.05294700e+01        9.36727000e-09    0.00   21.20
   69  28622.00        2.07986500e+01       -4.01983000e-09    0.00   21.20
   70  28622.26        2.11017500e+01        2.82097700e-08    0.00   21.20
   71  28622.55        2.14277800e+01        2.36233700e-08    0.00   21.20
   72  28622.81        2.16986900e+01        6.57907000e-09    0.00   21.13
   73  28623.06        2.20057200e+01       -5.75473000e-09    0.00   21.13
   74  28623.32        2.23144200e+01       -3.25297300e-08    0.00   21.13
   75  28623.67        2.25818800e+01       -1.38740300e-08    0.00   20.88
   76  28623.93        2.29077500e+01        1.67436700e-08    0.00   20.88
   77  28624.19        2.32126100e+01        1.18473700e-08    0.00   20.88
   78  28624.54        2.35398600e+01        3.94900700e-08    0.00   21.32
   79  28624.82        2.38503500e+01        3.56473700e-08    0.00   21.32
   80  28625.06        2.41085300e+01        2.79618700e-08    0.00   21.32
   81  28625.31        2.43970300e+01        4.42004700e-08    0.00   21.32
   82  28625.63        2.47304200e+01        3.08129700e-08    0.00   20.84
   83  28625.88        2.50205800e+01        1.12275700e-08    0.00   20.84
   84  28626.14        2.53098900e+01        2.95113700e-08    0.00   20.84
   85  28626.43        2.56368500e+01        2.75280700e-08    0.00   20.84
   86  28626.76        2.59305600e+01        5.09157000e-09    0.00   21.19
   87  28627.01        2.62020800e+01       -4.01933000e-09    0.00   21.19
   88  28627.26        2.65037900e+01        2.19499700e-08    0.00   21.19
   89  28627.64        2.68175400e+01        3.71348700e-08    0.00   21.14
   90  28627.90        2.71146300e+01        1.73665700e-08    0.00   21.14
   91  28628.14        2.74001600e+01        1.69351700e-08    0.00   21.14
   92  28628.45        2.76682500e+01       -1.48595300e-08    0.00   21.14
   93  28628.71        2.80235400e+01        1.56342700e-08    0.00   20.87
   94  28628.97        2.83039500e+01        3.56535700e-08    0.00   20.87
   95  28629.21        2.86058900e+01        1.54482700e-08    0.00   20.87
   96  28629.57        2.89192000e+01        3.80087700e-08    0.00   21.32
   97  28629.85        2.92118800e+01        5.39993700e-08    0.00   21.32
   98  28630.09        2.95047700e+01        2.74102700e-08    0.00   21.32
   99  28630.33        2.97666100e+01        5.22639700e-08    0.00   21.32
  100  28630.67        3.01274900e+01        4.20993700e-08    0.00   20.83
  101  28630.91        3.04117700e+01        3.32983700e-08    0.00   20.83
  102  28631.16        3.07008000e+01        3.17488700e-08    0.00   20.83
  103  28631.44        3.10640900e+01        3.70170700e-08    0.00   20.83
  104  28631.72        3.13439500e+01       -5.87253000e-09    0.00   21.19
  105  28631.98        3.16046800e+01        2.81540700e-08    0.00   21.19
  106  28632.23        3.18874600e+01        8.63525700e-08    0.00   21.19
  107  28632.52        3.22581900e+01        5.13962700e-08    0.00   21.19
  108  28632.81        3.25284200e+01        2.61706700e-08    0.00   21.13
  109  28633.06        3.28337300e+01        6.54655700e-08    0.00   21.13
  110  28633.30        3.31156500e+01        7.09196700e-08    0.00   21.13
  111  28633.69        3.34774600e+01        5.18932700e-08    0.00   20.88
  112  28633.99        3.37355600e+01        5.31364700e-08    0.00   20.88
  113  28634.23        3.40116700e+01        2.80360700e-08    0.00   20.88
  114  28634.71        3.43577200e+01        2.02266700e-08    0.00   20.88
  115  28634.96        3.46295800e+01        8.77220700e-08    0.00   21.31
  116  28635.22        3.49350600e+01        9.23705700e-08    0.00   21.31
  117  28635.70        3.52606100e+01        6.01413700e-08    0.00   20.83
  118  28635.96        3.55513200e+01        4.26631700e-08    0.00   20.83
  119  28636.20        3.58365800e+01        9.37960700e-08    0.00   20.83
  120  28636.54        3.61615900e+01        1.52118470e-07    0.00   21.17
  121  28636.80        3.64321900e+01        1.42511670e-07    0.00   21.17
  122  28637.06        3.67391700e+01        1.58564370e-07    0.00   21.17
  123  28637.30        3.70854300e+01        2.03437270e-07    0.00   21.17
  124  28637.66        3.73225100e+01        2.21783170e-07    0.00   21.17
  125  28637.92        3.76491600e+01        2.92315470e-07    0.00   21.13
  126  28638.17        3.79503100e+01        3.61360370e-07    0.00   21.13
  127  28638.45        3.82340200e+01        4.11191670e-07    0.00   21.13
  128  28638.73        3.85725200e+01        5.10172470e-07    0.00   20.86
  129  28638.99        3.88464900e+01        6.05186670e-07    0.00   20.86
  130  28639.24        3.91282500e+01        6.65492370e-07    0.00   20.86
  131  28639.69        3.94605400e+01        7.53007470e-07    0.00   20.86
  132  28639.99        3.97349900e+01        9.70434270e-07    0.00   21.32
  133  28640.25        4.00154900e+01        1.11571357e-06    0.00   21.32
  134  28640.58        4.03536300e+01        1.28683827e-06    0.00   20.83
  135  28640.86        4.06131700e+01        1.59667247e-06    0.00   20.83
  136  28641.10        4.09134700e+01        1.84514727e-06    0.00   20.83
  137  28641.35        4.12216300e+01        2.12473567e-06    0.00   20.83
  138  28641.68        4.15315300e+01        2.64331597e-06    0.00   21.19
  139  28641.93        4.18075200e+01        3.12793157e-06    0.00   21.19
  140  28642.18        4.21052100e+01        4.26587047e-06    0.00   21.19
  141  28642.51        4.24357700e+01        4.50393267e-06    0.00   21.14
  142  28642.81        4.27335300e+01        5.82811917e-06    0.00   21.14
  143  28643.07        4.30140200e+01        6.22435247e-06    0.00   21.14
  144  28643.31        4.33276900e+01        8.58098907e-06    0.00   21.14
  145  28643.64        4.36378100e+01        9.74309977e-06    0.00   20.88
  146  28643.89        4.39547500e+01        1.16198931e-05    0.00   20.88
  147  28644.13        4.42230400e+01        1.41986632e-05    0.00   20.88
  148  28644.40        4.45484400e+01        1.57307280e-05    0.00   20.88
  149  28644.68        4.48286600e+01        1.93647565e-05    0.00   21.32
  150  28644.92        4.51557400e+01        2.41352982e-05    0.00   21.32