# Ic = 38.67 A, n = 28.35 , Tavg = 0.00 K, Anneal214_00K___3600s
#idx    t_s     iHTS_A                vHTS_V                tHTS_K  tTAR_K
    0  213701.22        6.26550200e-02       -3.42805570e-08    0.00   20.79
    1  213701.54        4.29241500e-01        2.98676530e-08    0.00   21.24
    2  213701.80        6.70984400e-01        3.44541030e-08    0.00   21.24
    3  213702.05        9.80074800e-01       -6.14211700e-09    0.00   21.24
    4  213702.30        1.32105000e+00        4.82754030e-08    0.00   21.24
    5  213702.55        1.65372300e+00       -2.05150700e-09    0.00   20.80
    6  213702.80        1.87915300e+00       -6.76253700e-09    0.00   20.80
    7  213703.05        2.22815900e+00       -6.20522700e-09    0.00   20.80
    8  213703.31        2.54554000e+00       -3.44057670e-08    0.00   20.99
    9  213703.59        2.83192100e+00       -8.37461700e-09    0.00   20.99
   10  213703.85        3.09169100e+00        8.48364300e-09    0.00   20.99
   11  213704.11        3.39954000e+00       -3.86203370e-08    0.00   20.99
   12  213704.36        3.74403400e+00       -1.96547870e-08    0.00   21.18
   13  213704.68        4.02184800e+00       -2.60386170e-08    0.00   21.18
   14  213704.93        4.30095300e+00       -4.69255070e-08    0.00   21.18
   15  213705.18        4.61191900e+00       -3.67609670e-08    0.00   21.18
   16  213705.50        4.92580700e+00       -5.30614270e-08    0.00   20.79
   17  213705.75        5.20146000e+00       -6.03749370e-08    0.00   20.79
   18  213706.01        5.51545600e+00       -5.73999470e-08    0.00   20.79
   19  213706.30        5.86755300e+00       -7.14691670e-08    0.00   20.79
   20  213706.56        6.17843700e+00       -5.80817170e-08    0.00   21.12
   21  213706.83        6.46873200e+00       -4.40744770e-08    0.00   21.12
   22  213707.08        6.77884300e+00       -6.70066870e-08    0.00   21.12
   23  213707.36        7.08789800e+00       -4.18432370e-08    0.00   20.86
   24  213707.62        7.40237600e+00       -1.92829070e-08    0.00   20.86
   25  213707.89        7.68211400e+00       -4.19671970e-08    0.00   20.86
   26  213708.14        7.91715700e+00        6.43834300e-09    0.00   20.86
   27  213708.51        8.30870700e+00        2.40971300e-09    0.00   21.01
   28  213708.77        8.57397600e+00       -6.98589170e-08    0.00   21.01
   29  213709.01        8.85866900e+00       -5.59144870e-08    0.00   21.01
   30  213709.29        9.15495500e+00       -3.19906470e-08    0.00   21.01
   31  213709.54        9.45692500e+00       -9.63867070e-08    0.00   21.17
   32  213709.80        9.72665900e+00       -6.87441170e-08    0.00   21.17
   33  213710.06        1.00074400e+01       -7.06654670e-08    0.00   21.17
   34  213710.36        1.03713600e+01       -1.05931447e-07    0.00   21.17
   35  213710.71        1.06486700e+01       -7.66774170e-08    0.00   21.08
   36  213710.96        1.09281900e+01       -7.06034870e-08    0.00   21.08
   37  213711.21        1.11843200e+01       -7.76070970e-08    0.00   21.08
   38  213711.57        1.15431500e+01       -6.36618570e-08    0.00   21.24
   39  213711.81        1.18141800e+01       -8.18836470e-08    0.00   21.24
   40  213712.06        1.20868500e+01       -1.12191317e-07    0.00   21.24
   41  213712.37        1.24334600e+01       -9.24200570e-08    0.00   20.86
   42  213712.67        1.27045600e+01       -6.88680770e-08    0.00   20.86
   43  213712.93        1.30114000e+01       -1.07914777e-07    0.00   20.86
   44  213713.17        1.32876400e+01       -1.10455907e-07    0.00   20.86
   45  213713.49        1.36242300e+01       -1.25640737e-07    0.00   21.01
   46  213713.74        1.39429900e+01       -1.47023447e-07    0.00   21.01
   47  213713.99        1.42200800e+01       -1.22541787e-07    0.00   21.01
   48  213714.29        1.45227400e+01       -8.78336170e-08    0.00   21.01
   49  213714.57        1.48631900e+01       -1.17707147e-07    0.00   20.81
   50  213714.82        1.51373900e+01       -7.35158970e-08    0.00   20.81
   51  213715.08        1.54104100e+01       -7.17803370e-08    0.00   20.81
   52  213715.43        1.57615800e+01       -9.93609470e-08    0.00   20.79
   53  213715.69        1.60575700e+01       -9.53323270e-08    0.00   20.79
   54  213715.93        1.63184600e+01       -8.79568370e-08    0.00   20.79
   55  213716.17        1.66048900e+01       -1.20557737e-07    0.00   20.79
   56  213716.53        1.69650400e+01       -7.50652270e-08    0.00   21.09
   57  213716.79        1.72278200e+01       -9.51463870e-08    0.00   21.09
   58  213717.03        1.75321000e+01       -1.45783147e-07    0.00   21.09
   59  213717.33        1.78861300e+01       -1.21363457e-07    0.00   20.84
   60  213717.66        1.81686200e+01       -1.30722277e-07    0.00   20.84
   61  213717.90        1.83870000e+01       -1.62827347e-07    0.00   20.84
   62  213718.15        1.87214000e+01       -1.52724787e-07    0.00   20.84
   63  213718.50        1.90455500e+01       -1.27995197e-07    0.00   21.03
   64  213718.75        1.92846900e+01       -1.52662807e-07    0.00   21.03
   65  213719.01        1.95886500e+01       -1.27127497e-07    0.00   21.03
   66  213719.27        1.99849900e+01       -9.23573370e-08    0.00   21.03
   67  213719.55        2.02857300e+01       -1.18202537e-07    0.00   21.14
   68  213719.85        2.05318600e+01       -1.08533827e-07    0.00   21.14
   69  213720.10        2.08232100e+01       -1.07170287e-07    0.00   21.14
   70  213720.47        2.11795700e+01       -1.40886817e-07    0.00   20.80
   71  213720.73        2.13964800e+01       -1.59542527e-07    0.00   20.80
   72  213720.97        2.17037300e+01       -1.50059777e-07    0.00   20.80
   73  213721.22        2.20108900e+01       -1.89168457e-07    0.00   20.80
   74  213721.55        2.23558700e+01       -1.42684287e-07    0.00   21.24
   75  213721.82        2.26088000e+01       -1.42560327e-07    0.00   21.24
   76  213722.07        2.29343900e+01       -1.86689297e-07    0.00   21.24
   77  213722.35        2.32909300e+01       -1.90222097e-07    0.00   20.84
   78  213722.61        2.35491400e+01       -1.54150377e-07    0.00   20.84
   79  213722.85        2.37974600e+01       -1.95862177e-07    0.00   20.84
   80  213723.09        2.41024700e+01       -1.79437767e-07    0.00   20.84
   81  213723.41        2.44432000e+01       -2.00200697e-07    0.00   21.03
   82  213723.67        2.47236100e+01       -1.96667907e-07    0.00   21.03
   83  213723.92        2.50294700e+01       -1.65058667e-07    0.00   21.03
   84  213724.16        2.53516200e+01       -1.74479457e-07    0.00   21.03
   85  213724.47        2.56196900e+01       -1.94684577e-07    0.00   21.14
   86  213724.72        2.58907800e+01       -1.78322147e-07    0.00   21.14
   87  213724.96        2.62458400e+01       -2.05592867e-07    0.00   21.14
   88  213725.21        2.65041600e+01       -1.46031147e-07    0.00   21.14
   89  213725.61        2.68499300e+01       -1.69521147e-07    0.00   20.79
   90  213725.86        2.71308100e+01       -1.61773787e-07    0.00   20.79
   91  213726.10        2.74391600e+01       -1.64624817e-07    0.00   20.79
   92  213726.37        2.77559700e+01       -1.62827077e-07    0.00   21.24
   93  213726.63        2.80082800e+01       -2.10859897e-07    0.00   21.24
   94  213726.87        2.82982200e+01       -1.73734027e-07    0.00   21.24
   95  213727.12        2.86040900e+01       -2.14888037e-07    0.00   21.24
   96  213727.56        2.89494700e+01       -2.15941677e-07    0.00   20.82
   97  213727.81        2.92373700e+01       -2.23069257e-07    0.00   20.82
   98  213728.05        2.95236300e+01       -2.03050067e-07    0.00   20.82
   99  213728.35        2.98033600e+01       -2.34411407e-07    0.00   20.82
  100  213728.62        3.01351600e+01       -2.13772417e-07    0.00   21.24
  101  213728.86        3.04077400e+01       -1.96480297e-07    0.00   21.24
  102  213729.12        3.07190700e+01       -2.33605677e-07    0.00   21.24
  103  213729.46        3.10290400e+01       -2.17429177e-07    0.00   21.12
  104  213729.72        3.13042500e+01       -2.03050067e-07    0.00   21.12
  105  213729.96        3.16496900e+01       -2.28213507e-07    0.00   21.12
  106  213730.20        3.19476700e+01       -2.02616207e-07    0.00   21.12
  107  213730.46        3.22492000e+01       -2.29453087e-07    0.00   20.80
  108  213730.73        3.25206300e+01       -2.26230187e-07    0.00   20.80
  109  213730.97        3.28329100e+01       -2.20342187e-07    0.00   20.80
  110  213731.22        3.31211200e+01       -2.63107647e-07    0.00   20.80
  111  213731.49        3.34885200e+01       -2.40733257e-07    0.00   21.23
  112  213731.77        3.37296800e+01       -2.27717677e-07    0.00   21.23
  113  213732.01        3.40057900e+01       -2.55732157e-07    0.00   21.23
  114  213732.26        3.43129300e+01       -2.22696987e-07    0.00   21.23
  115  213732.54        3.46834200e+01       -2.35215947e-07    0.00   20.81
  116  213732.78        3.49429500e+01       -2.22447487e-07    0.00   20.81
  117  213733.03        3.52573700e+01       -2.00073077e-07    0.00   20.81
  118  213733.36        3.55712900e+01       -2.14886057e-07    0.00   21.05
  119  213733.64        3.58867900e+01       -2.01002757e-07    0.00   21.05
  120  213733.89        3.61557300e+01       -1.68897657e-07    0.00   21.05
  121  213734.13        3.64238600e+01       -1.83896567e-07    0.00   21.05
  122  213734.40        3.67762500e+01       -1.23157167e-07    0.00   21.11
  123  213734.72        3.70576400e+01       -8.69614470e-08    0.00   21.11
  124  213734.96        3.73241300e+01       -9.03702970e-08    0.00   21.11
  125  213735.20        3.76826000e+01       -4.95881270e-08    0.00   21.11
  126  213735.45        3.80191000e+01       -4.94641670e-08    0.00   20.79
  127  213735.70        3.82793900e+01       -1.80233700e-09    0.00   20.79
  128  213735.95        3.85300300e+01        6.38953730e-08    0.00   20.79
  129  213736.19        3.88381000e+01        9.01744630e-08    0.00   20.79
  130  213736.48        3.91796800e+01        1.87481453e-07    0.00   21.24
  131  213736.73        3.94279700e+01        3.20798223e-07    0.00   21.24
  132  213736.97        3.97377100e+01        3.55568433e-07    0.00   21.24
  133  213737.22        4.00422600e+01        4.76861283e-07    0.00   21.24
  134  213737.53        4.03146600e+01        5.97720283e-07    0.00   20.79
  135  213737.79        4.06596400e+01        7.93573843e-07    0.00   20.79
  136  213738.03        4.09534100e+01        9.63830083e-07    0.00   20.79
  137  213738.42        4.12750700e+01        1.22308826e-06    0.00   21.07
  138  213738.71        4.15216400e+01        1.56403481e-06    0.00   21.07
  139  213738.96        4.18013300e+01        1.86010839e-06    0.00   21.07
  140  213739.21        4.21482200e+01        2.21159117e-06    0.00   21.07
  141  213739.48        4.24326700e+01        2.58879523e-06    0.00   21.09
  142  213739.75        4.26958600e+01        3.91179850e-06    0.00   21.09
  143  213740.00        4.30078000e+01        4.02379451e-06    0.00   21.09
  144  213740.27        4.33556700e+01        5.28017037e-06    0.00   21.09
  145  213740.57        4.36310300e+01        6.72093367e-06    0.00   21.13
  146  213740.82        4.38959900e+01        7.70323844e-06    0.00   21.13
  147  213741.08        4.42128000e+01        8.99673974e-06    0.00   21.13
  148  213741.39        4.45509800e+01        1.08965812e-05    0.00   21.23
  149  213741.67        4.48261100e+01        1.28362753e-05    0.00   21.23
  150  213741.91        4.51175000e+01        1.52084585e-05    0.00   21.23
  151  213742.16        4.54544500e+01        1.87780756e-05    0.00   21.23
  152  213742.40        4.57301100e+01        2.23643029e-05    0.00   20.82