# Ic = 38.14 A, n = 29.28 , Tavg = 0.00 K, Anneal139_00K___3600s
#idx    t_s     iHTS_A                vHTS_V                tHTS_K  tTAR_K
    0  112183.50        5.55998200e-02       -1.22723000e-09    0.00   21.02
    1  112183.75        3.52969800e-01       -5.99963000e-09    0.00   21.02
    2  112183.99        6.75040400e-01        1.65607700e-08    0.00   21.24
    3  112184.24        9.56134200e-01        2.18910700e-08    0.00   21.24
    4  112184.48        1.26132400e+00        2.31925700e-08    0.00   21.24
    5  112184.76        1.57882500e+00        3.93691700e-08    0.00   21.24
    6  112185.07        1.88277000e+00       -3.09771300e-08    0.00   20.96
    7  112185.32        2.15743700e+00       -4.11417300e-08    0.00   20.96
    8  112185.56        2.46682800e+00       -2.96263000e-09    0.00   20.96
    9  112185.83        2.79191800e+00       -2.96263000e-09    0.00   20.95
   10  112186.12        3.05052000e+00        9.12337000e-09    0.00   20.95
   11  112186.37        3.36917600e+00       -2.97530000e-10    0.00   20.95
   12  112186.62        3.65405300e+00       -6.37143000e-09    0.00   20.95
   13  112187.00        4.00124300e+00        2.85847700e-08    0.00   21.24
   14  112187.26        4.27657200e+00        1.72425700e-08    0.00   21.24
   15  112187.50        4.58233300e+00       -2.14943300e-08    0.00   21.24
   16  112187.79        4.86454100e+00       -3.04193300e-08    0.00   21.24
   17  112188.04        5.20543100e+00       -4.26297300e-08    0.00   20.81
   18  112188.28        5.48887900e+00       -4.57924300e-08    0.00   20.81
   19  112188.53        5.77100400e+00       -4.41208300e-08    0.00   20.81
   20  112188.87        6.12889000e+00       -5.18686300e-08    0.00   21.25
   21  112189.19        6.39887300e+00       -8.21764300e-08    0.00   21.25
   22  112189.44        6.70505200e+00       -8.40358300e-08    0.00   21.25
   23  112189.68        6.98348200e+00       -6.02978300e-08    0.00   21.25
   24  112190.00        7.33080600e+00       -6.99045300e-08    0.00   20.96
   25  112190.25        7.61333700e+00       -6.12894300e-08    0.00   20.96
   26  112190.50        7.89048700e+00       -5.74467300e-08    0.00   20.96
   27  112190.74        8.23777600e+00       -5.32321300e-08    0.00   20.96
   28  112190.99        8.53176400e+00       -1.06525300e-08    0.00   20.95
   29  112191.24        8.81372000e+00       -9.21550300e-08    0.00   20.95
   30  112191.48        9.08583800e+00       -9.38904300e-08    0.00   20.95
   31  112191.82        9.40367000e+00       -8.18045300e-08    0.00   21.24
   32  112192.13        9.73229300e+00       -1.45581030e-07    0.00   21.24
   33  112192.37        9.97811900e+00       -1.37089930e-07    0.00   21.24
   34  112192.61        1.02670800e+01       -1.01142030e-07    0.00   21.24
   35  112192.88        1.06270200e+01       -1.40436730e-07    0.00   21.03
   36  112193.14        1.09021400e+01       -1.09695130e-07    0.00   21.03
   37  112193.38        1.11802900e+01       -1.02939430e-07    0.00   21.03
   38  112193.62        1.14791100e+01       -1.24632130e-07    0.00   21.03
   39  112193.91        1.18182900e+01       -1.10872730e-07    0.00   20.89
   40  112194.21        1.20910100e+01       -1.13101730e-07    0.00   20.89
   41  112194.46        1.23631300e+01       -8.66347300e-08    0.00   20.89
   42  112194.74        1.27232100e+01       -1.09256630e-07    0.00   20.89
   43  112195.07        1.30149500e+01       -1.33490530e-07    0.00   20.97
   44  112195.33        1.32585400e+01       -1.42167630e-07    0.00   20.97
   45  112195.58        1.35653700e+01       -1.28098330e-07    0.00   20.97
   46  112195.85        1.39063900e+01       -1.53385830e-07    0.00   20.93
   47  112196.11        1.41638300e+01       -1.62248830e-07    0.00   20.93
   48  112196.35        1.44537200e+01       -1.49419130e-07    0.00   20.93
   49  112196.60        1.47386600e+01       -1.74830630e-07    0.00   20.93
   50  112196.90        1.51095300e+01       -1.30267630e-07    0.00   21.24
   51  112197.21        1.53891400e+01       -1.11178030e-07    0.00   21.24
   52  112197.46        1.56568300e+01       -1.70925930e-07    0.00   21.24
   53  112197.71        1.60121600e+01       -1.44956630e-07    0.00   21.24
   54  112197.99        1.62780500e+01       -1.43035330e-07    0.00   20.80
   55  112198.26        1.65637000e+01       -2.02969130e-07    0.00   20.80
   56  112198.50        1.68650600e+01       -2.12885730e-07    0.00   20.80
   57  112198.79        1.72329500e+01       -2.42821730e-07    0.00   21.23
   58  112199.12        1.74728200e+01       -1.96647230e-07    0.00   21.23
   59  112199.38        1.77695700e+01       -1.32065030e-07    0.00   21.23
   60  112199.62        1.80800000e+01       -1.67764930e-07    0.00   21.23
   61  112199.89        1.83512900e+01       -1.41487530e-07    0.00   21.26
   62  112200.16        1.86973400e+01       -1.51226530e-07    0.00   21.26
   63  112200.40        1.89753500e+01       -1.95114330e-07    0.00   21.26
   64  112200.65        1.92382200e+01       -1.63567030e-07    0.00   21.26
   65  112200.99        1.95985200e+01       -1.71810230e-07    0.00   20.93
   66  112201.25        1.98805600e+01       -2.12530530e-07    0.00   20.93
   67  112201.50        2.01808100e+01       -1.94494530e-07    0.00   20.93
   68  112201.79        2.05072600e+01       -2.16745030e-07    0.00   20.93
   69  112202.10        2.07919600e+01       -2.17488830e-07    0.00   21.24
   70  112202.34        2.10766700e+01       -1.91953430e-07    0.00   21.24
   71  112202.59        2.13582000e+01       -2.30752330e-07    0.00   21.24
   72  112202.85        2.17077300e+01       -2.60812230e-07    0.00   20.80
   73  112203.12        2.19651700e+01       -2.66080430e-07    0.00   20.80
   74  112203.37        2.22852000e+01       -2.25236230e-07    0.00   20.80
   75  112203.61        2.25683600e+01       -2.20215930e-07    0.00   20.80
   76  112203.97        2.29112000e+01       -2.34409130e-07    0.00   21.22
   77  112204.24        2.31895200e+01       -1.88420630e-07    0.00   21.22
   78  112204.49        2.34646000e+01       -2.00134630e-07    0.00   21.22
   79  112204.76        2.37673700e+01       -2.37446130e-07    0.00   21.22
   80  112205.03        2.41164600e+01       -2.73084030e-07    0.00   20.98
   81  112205.30        2.43907200e+01       -2.50213730e-07    0.00   20.98
   82  112205.55        2.46693600e+01       -2.35028930e-07    0.00   20.98
   83  112205.90        2.50153400e+01       -2.70108330e-07    0.00   20.91
   84  112206.15        2.52836300e+01       -2.89999130e-07    0.00   20.91
   85  112206.39        2.55578400e+01       -2.83922930e-07    0.00   20.91
   86  112206.63        2.58632600e+01       -3.01772930e-07    0.00   20.91
   87  112206.96        2.62044100e+01       -2.90182830e-07    0.00   21.24
   88  112207.21        2.65101700e+01       -2.91918230e-07    0.00   21.24
   89  112207.47        2.67525300e+01       -3.21544230e-07    0.00   21.24
   90  112207.74        2.71288700e+01       -3.01401030e-07    0.00   21.24
   91  112208.11        2.74112600e+01       -3.03074530e-07    0.00   20.79
   92  112208.37        2.76514200e+01       -2.89377130e-07    0.00   20.79
   93  112208.63        2.79389700e+01       -2.47975030e-07    0.00   20.79
   94  112209.01        2.83103600e+01       -2.65701130e-07    0.00   21.22
   95  112209.26        2.85827200e+01       -3.00347430e-07    0.00   21.22
   96  112209.51        2.88419200e+01       -3.71065530e-07    0.00   21.22
   97  112209.78        2.92196500e+01       -3.61892630e-07    0.00   20.98
   98  112210.15        2.94780400e+01       -3.67780630e-07    0.00   20.98
   99  112210.39        2.97576100e+01       -3.34249930e-07    0.00   20.98
  100  112210.64        3.00816900e+01       -2.92909930e-07    0.00   20.98
  101  112210.94        3.04114500e+01       -3.08962530e-07    0.00   20.91
  102  112211.22        3.07195100e+01       -3.05925530e-07    0.00   20.91
  103  112211.46        3.09752500e+01       -2.56838030e-07    0.00   20.91
  104  112211.73        3.13267600e+01       -3.15655530e-07    0.00   20.91
  105  112212.04        3.16306000e+01       -3.31890330e-07    0.00   21.24
  106  112212.28        3.18809100e+01       -3.21598930e-07    0.00   21.24
  107  112212.53        3.21898500e+01       -3.42609830e-07    0.00   21.24
  108  112212.92        3.25660500e+01       -3.25069730e-07    0.00   21.05
  109  112213.16        3.28289500e+01       -3.36659830e-07    0.00   21.05
  110  112213.40        3.30823800e+01       -3.70190530e-07    0.00   21.05
  111  112213.65        3.33717600e+01       -3.96097830e-07    0.00   21.05
  112  112213.94        3.37326300e+01       -3.76698330e-07    0.00   21.20
  113  112214.20        3.39999100e+01       -3.69012930e-07    0.00   21.20
  114  112214.44        3.42849200e+01       -3.61327530e-07    0.00   21.20
  115  112214.68        3.45936400e+01       -3.46142630e-07    0.00   21.20
  116  112214.96        3.49363700e+01       -3.32755130e-07    0.00   20.99
  117  112215.20        3.52034900e+01       -2.51748430e-07    0.00   20.99
  118  112215.45        3.54952900e+01       -2.96559330e-07    0.00   20.99
  119  112215.71        3.58556500e+01       -2.78213530e-07    0.00   20.99
  120  112216.03        3.61265100e+01       -2.80072930e-07    0.00   20.79
  121  112216.28        3.64035500e+01       -2.70094230e-07    0.00   20.79
  122  112216.53        3.67105100e+01       -2.50632830e-07    0.00   20.79
  123  112216.84        3.70719700e+01       -2.02908830e-07    0.00   21.16
  124  112217.12        3.73419300e+01       -1.61940630e-07    0.00   21.16
  125  112217.37        3.76143000e+01       -1.12915230e-07    0.00   21.16
  126  112217.63        3.79019500e+01       -5.62666300e-08    0.00   21.16
  127  112217.95        3.82523000e+01       -1.18914300e-08    0.00   21.06
  128  112218.20        3.85260800e+01        1.11941370e-07    0.00   21.06
  129  112218.45        3.88175100e+01        1.93133970e-07    0.00   21.06
  130  112218.72        3.91406600e+01        2.52943870e-07    0.00   21.06
  131  112218.99        3.94322400e+01        4.37269770e-07    0.00   21.21
  132  112219.25        3.97138400e+01        5.85523770e-07    0.00   21.21
  133  112219.51        4.00095700e+01        6.96032570e-07    0.00   21.21
  134  112219.83        4.03345500e+01        9.07443270e-07    0.00   20.99
  135  112220.10        4.05924300e+01        1.28055757e-06    0.00   20.99
  136  112220.35        4.08867800e+01        1.42806777e-06    0.00   20.99
  137  112220.60        4.11911800e+01        1.90419137e-06    0.00   20.99
  138  112221.01        4.15088800e+01        2.41266797e-06    0.00   20.90
  139  112221.26        4.17807200e+01        2.85619047e-06    0.00   20.90
  140  112221.50        4.20872100e+01        4.16091277e-06    0.00   20.90
  141  112221.84        4.23679100e+01        4.29044907e-06    0.00   20.90
  142  112222.15        4.27057900e+01        5.77924937e-06    0.00   21.15
  143  112222.40        4.29864900e+01        7.12568347e-06    0.00   21.15
  144  112222.65        4.32783200e+01        8.65049357e-06    0.00   21.15
  145  112223.03        4.36141100e+01        9.59381567e-06    0.00   21.07
  146  112223.29        4.38877800e+01        1.19074338e-05    0.00   21.07
  147  112223.54        4.41926300e+01        1.41127154e-05    0.00   21.07
  148  112223.86        4.45144300e+01        1.79257453e-05    0.00   21.20
  149  112224.14        4.47913800e+01        2.09574544e-05    0.00   21.20