# Ic = 38.72 A, n = 27.92 , Tavg = 0.00 K, Anneal235_00K___3600s
#idx    t_s     iHTS_A                vHTS_V                tHTS_K  tTAR_K
    0  281658.91        7.53832200e-02        2.26406000e-08    0.00   20.79
    1  281659.17        3.84474600e-01        6.96826000e-08    0.00   20.79
    2  281659.54        7.08177400e-01        7.71820000e-08    0.00   20.86
    3  281659.79        9.75071100e-01        7.49508000e-08    0.00   20.86
    4  281660.04        1.27796900e+00        4.82379000e-08    0.00   20.86
    5  281660.37        1.60905900e+00        2.83427000e-08    0.00   21.24
    6  281660.61        1.90538600e+00       -3.49377000e-08    0.00   21.24
    7  281660.86        2.17358700e+00        3.38588000e-08    0.00   21.24
    8  281661.10        2.46632600e+00        8.38757000e-08    0.00   21.24
    9  281661.42        2.83260800e+00        2.68552000e-08    0.00   20.78
   10  281661.67        3.10450200e+00        3.44786000e-08    0.00   20.78
   11  281661.92        3.38972100e+00        6.48482000e-08    0.00   20.78
   12  281662.16        3.67428400e+00        7.55706000e-08    0.00   20.78
   13  281662.43        4.02146300e+00        4.01806000e-08    0.00   21.17
   14  281662.69        4.29681300e+00        6.77400000e-09    0.00   21.17
   15  281662.93        4.60398900e+00        6.91248000e-08    0.00   21.17
   16  281663.18        4.88165300e+00        7.53227000e-08    0.00   21.17
   17  281663.53        5.22833300e+00        4.91470000e-09    0.00   21.01
   18  281663.78        5.50893900e+00        6.86802000e-08    0.00   21.01
   19  281664.03        5.78565900e+00        7.16444000e-08    0.00   21.01
   20  281664.27        6.16311600e+00        3.29696000e-08    0.00   21.01
   21  281664.52        6.44468600e+00        7.75324000e-08    0.00   20.87
   22  281664.76        6.72804000e+00       -2.29630000e-09    0.00   20.87
   23  281665.01        6.98295600e+00        3.35274000e-08    0.00   20.87
   24  281665.41        7.36802300e+00        2.78600000e-09    0.00   21.24
   25  281665.72        7.63853000e+00        2.78600000e-09    0.00   21.24
   26  281665.96        7.90915800e+00        2.29010000e-09    0.00   21.24
   27  281666.20        8.22099200e+00        4.16467000e-08    0.00   21.24
   28  281666.51        8.56061200e+00       -3.09305000e-08    0.00   20.77
   29  281666.76        8.83544000e+00       -6.94470000e-09    0.00   20.77
   30  281667.00        9.10523000e+00        5.82290000e-09    0.00   20.77
   31  281667.30        9.47097100e+00       -5.95027000e-08    0.00   20.77
   32  281667.60        9.75882000e+00       -1.73572000e-08    0.00   21.18
   33  281667.86        1.00015400e+01        6.09221000e-08    0.00   21.18
   34  281668.10        1.03074300e+01        1.54296000e-08    0.00   21.18
   35  281668.42        1.06578800e+01        3.79279000e-08    0.00   20.99
   36  281668.69        1.09246100e+01        2.19374000e-08    0.00   20.99
   37  281668.94        1.11999000e+01       -3.28800000e-09    0.00   20.99
   38  281669.20        1.15036900e+01        3.14202000e-08    0.00   20.99
   39  281669.46        1.18410000e+01        1.72269000e-08    0.00   20.87
   40  281669.72        1.20818700e+01       -3.40297000e-08    0.00   20.87
   41  281669.97        1.23795400e+01       -1.50023000e-08    0.00   20.87
   42  281670.22        1.26901400e+01       -7.81587000e-08    0.00   20.87
   43  281670.59        1.30302100e+01       -6.73125000e-08    0.00   21.23
   44  281670.84        1.32719900e+01        1.10288000e-08    0.00   21.23
   45  281671.08        1.35808200e+01        3.83614000e-08    0.00   21.23
   46  281671.40        1.39406900e+01        4.88358000e-08    0.00   20.77
   47  281671.72        1.41708000e+01        1.96438000e-08    0.00   20.77
   48  281671.96        1.44708500e+01        7.86780000e-09    0.00   20.77
   49  281672.22        1.47784600e+01       -3.85543000e-08    0.00   20.77
   50  281672.50        1.51163900e+01       -4.28928000e-08    0.00   21.18
   51  281672.75        1.53664800e+01       -5.16938000e-08    0.00   21.18
   52  281672.99        1.56748600e+01       -9.17321000e-08    0.00   21.18
   53  281673.25        1.60254900e+01       -4.84709000e-08    0.00   21.18
   54  281673.54        1.62969700e+01       -7.20848000e-08    0.00   20.98
   55  281673.80        1.65710800e+01       -2.03325000e-08    0.00   20.98
   56  281674.04        1.68802700e+01       -1.81633000e-08    0.00   20.98
   57  281674.32        1.72516000e+01       -7.69192000e-08    0.00   20.86
   58  281674.63        1.74966500e+01       -5.05162000e-08    0.00   20.86
   59  281674.87        1.77822100e+01       -3.08069000e-08    0.00   20.86
   60  281675.12        1.80932100e+01       -1.00657000e-07    0.00   20.86
   61  281675.53        1.84300500e+01       -1.61155000e-08    0.00   21.22
   62  281675.78        1.86866200e+01        2.70267000e-08    0.00   21.22
   63  281676.04        1.89911000e+01       -2.99311000e-08    0.00   21.22
   64  281676.31        1.93285800e+01       -4.15211000e-08    0.00   20.76
   65  281676.68        1.96053900e+01       -4.55497000e-08    0.00   20.76
   66  281676.93        1.98871500e+01       -5.65820000e-08    0.00   20.76
   67  281677.18        2.01704600e+01       -1.39881500e-07    0.00   20.76
   68  281677.51        2.05089300e+01       -4.59216000e-08    0.00   21.18
   69  281677.76        2.07895400e+01       -5.84413000e-08    0.00   21.18
   70  281678.01        2.10886600e+01       -8.43485000e-08    0.00   21.18
   71  281678.30        2.14283600e+01       -1.40025000e-08    0.00   21.18
   72  281678.62        2.17162200e+01       -3.78644000e-08    0.00   20.97
   73  281678.86        2.19894000e+01       -1.17197300e-07    0.00   20.97
   74  281679.10        2.23004600e+01       -5.51565000e-08    0.00   20.97
   75  281679.36        2.26107400e+01       -1.03871800e-07    0.00   20.88
   76  281679.61        2.29278600e+01       -4.74091000e-08    0.00   20.88
   77  281679.88        2.32035000e+01       -5.58382000e-08    0.00   20.88
   78  281680.13        2.34767100e+01       -1.61388200e-07    0.00   20.88
   79  281680.48        2.38226500e+01       -1.37402300e-07    0.00   21.21
   80  281680.73        2.41033900e+01       -1.32939900e-07    0.00   21.21
   81  281680.97        2.44015000e+01       -1.18250900e-07    0.00   21.21
   82  281681.21        2.46861000e+01       -2.94344000e-08    0.00   21.21
   83  281681.55        2.50237900e+01       -4.92635000e-08    0.00   20.76
   84  281681.80        2.52996600e+01       -1.19296200e-07    0.00   20.76
   85  281682.04        2.55753700e+01       -5.47762000e-08    0.00   20.76
   86  281682.31        2.59402900e+01       -7.12626000e-08    0.00   21.18
   87  281682.67        2.62150400e+01       -9.17776000e-08    0.00   21.18
   88  281682.92        2.65095400e+01       -5.13054000e-08    0.00   21.18
   89  281683.17        2.67692200e+01       -8.00016000e-08    0.00   21.18
   90  281683.49        2.71147300e+01       -8.55797000e-08    0.00   20.96
   91  281683.73        2.73965300e+01       -5.64497000e-08    0.00   20.96
   92  281683.98        2.76647300e+01       -1.42972100e-07    0.00   20.96
   93  281684.26        2.80264800e+01       -1.63115300e-07    0.00   20.96
   94  281684.52        2.83210600e+01       -1.50471600e-07    0.00   20.87
   95  281684.77        2.85995600e+01       -1.53694500e-07    0.00   20.87
   96  281685.01        2.88699400e+01       -7.28741000e-08    0.00   20.87
   97  281685.29        2.91829500e+01       -3.65545000e-08    0.00   20.87
   98  281685.53        2.95249000e+01       -1.09255600e-07    0.00   21.21
   99  281685.77        2.97777000e+01       -4.09550000e-08    0.00   21.21
  100  281686.02        3.00817700e+01       -1.04359300e-07    0.00   21.21
  101  281686.30        3.04564700e+01       -4.07070000e-08    0.00   21.21
  102  281686.61        3.07423200e+01       -7.70886000e-08    0.00   20.75
  103  281686.85        3.09833700e+01       -9.43187000e-08    0.00   20.75
  104  281687.10        3.12950800e+01       -3.97774000e-08    0.00   20.75
  105  281687.44        3.16591100e+01       -6.94062000e-08    0.00   21.19
  106  281687.72        3.18889700e+01       -9.71151000e-08    0.00   21.19
  107  281687.96        3.22016400e+01       -7.95751000e-08    0.00   21.19
  108  281688.20        3.24898700e+01       -1.16328500e-07    0.00   21.19
  109  281688.55        3.28530300e+01       -1.97396800e-07    0.00   20.94
  110  281688.81        3.31045400e+01       -1.43847100e-07    0.00   20.94
  111  281689.06        3.34117900e+01       -1.14841000e-07    0.00   20.94
  112  281689.32        3.37773000e+01       -1.73535000e-07    0.00   20.89
  113  281689.67        3.39977600e+01       -2.31423200e-07    0.00   20.89
  114  281689.92        3.42970000e+01       -1.98202500e-07    0.00   20.89
  115  281690.17        3.46067600e+01       -1.77501600e-07    0.00   20.89
  116  281690.42        3.49582900e+01       -9.86026000e-08    0.00   21.20
  117  281690.70        3.52564700e+01       -1.01081700e-07    0.00   21.20
  118  281690.95        3.55143700e+01       -1.12919700e-07    0.00   21.20
  119  281691.20        3.58210200e+01       -3.57560000e-08    0.00   21.20
  120  281691.47        3.61303800e+01       -7.80876000e-08    0.00   20.76
  121  281691.71        3.64240200e+01       -4.90195000e-08    0.00   20.76
  122  281691.96        3.67269600e+01       -6.99064000e-08    0.00   20.76
  123  281692.20        3.70324900e+01       -1.53825700e-07    0.00   20.76
  124  281692.54        3.73659300e+01       -4.94534000e-08    0.00   21.19
  125  281692.82        3.76481800e+01        6.18606000e-08    0.00   21.19
  126  281693.07        3.79219100e+01       -1.17130000e-09    0.00   21.19
  127  281693.52        3.82082100e+01        6.99824000e-08    0.00   20.94
  128  281693.77        3.85289400e+01        5.77752000e-08    0.00   20.94
  129  281694.01        3.88272400e+01        1.03639600e-07    0.00   20.94
  130  281694.27        3.91458800e+01        1.33761300e-07    0.00   20.94
  131  281694.56        3.94397600e+01        2.84803700e-07    0.00   20.89
  132  281694.81        3.96971500e+01        3.30420100e-07    0.00   20.89
  133  281695.06        4.00393000e+01        4.36651800e-07    0.00   20.89
  134  281695.33        4.03546100e+01        5.56209000e-07    0.00   21.20
  135  281695.65        4.06184400e+01        8.38584600e-07    0.00   21.20
  136  281695.89        4.08886700e+01        8.83271300e-07    0.00   21.20
  137  281696.14        4.12049000e+01        1.07057140e-06    0.00   21.20
  138  281696.49        4.15226700e+01        1.34829850e-06    0.00   20.75
  139  281696.77        4.17914700e+01        1.63147980e-06    0.00   20.75
  140  281697.02        4.21015400e+01        1.97961490e-06    0.00   20.75
  141  281697.30        4.24426700e+01        2.36351180e-06    0.00   20.75
  142  281697.57        4.27341300e+01        3.57371050e-06    0.00   21.20
  143  281697.84        4.29953700e+01        3.70132500e-06    0.00   21.20
  144  281698.09        4.33048400e+01        4.96290410e-06    0.00   21.20
  145  281698.35        4.36328000e+01        6.15488110e-06    0.00   20.93
  146  281698.67        4.39370500e+01        7.25351780e-06    0.00   20.93
  147  281698.91        4.42189300e+01        7.43102520e-06    0.00   20.93
  148  281699.16        4.45362100e+01        9.80182230e-06    0.00   20.93
  149  281699.42        4.48278300e+01        1.21086114e-05    0.00   20.91
  150  281699.66        4.51085100e+01        1.37189446e-05    0.00   20.91
  151  281699.91        4.54008300e+01        1.68895323e-05    0.00   20.91
  152  281700.15        4.57032300e+01        2.01145992e-05    0.00   20.91