# Ic = 38.63 A, n = 26.96 , Tavg = 0.00 K, Anneal265_00K___3600s
#idx    t_s     iHTS_A                vHTS_V                tHTS_K  tTAR_K
    0  383836.60        9.14059800e-02       -1.89282570e-08    0.00   20.89
    1  383836.85        3.76024300e-01        5.20372230e-08    0.00   20.89
    2  383837.09        6.52851300e-01       -2.21511470e-08    0.00   20.89
    3  383837.41        1.01464000e+00       -8.14321700e-09    0.00   21.02
    4  383837.69        1.29406400e+00        2.14213530e-08    0.00   21.02
    5  383837.94        1.54618100e+00       -5.76013370e-08    0.00   21.02
    6  383838.18        1.85578400e+00       -2.24594770e-08    0.00   21.02
    7  383838.48        2.20237600e+00        2.01817730e-08    0.00   21.18
    8  383838.76        2.52954800e+00        1.99338630e-08    0.00   21.18
    9  383839.01        2.76354400e+00        4.18742830e-08    0.00   21.18
   10  383839.29        3.11678300e+00       -4.57087000e-10    0.00   21.18
   11  383839.55        3.42784400e+00       -1.74392170e-08    0.00   20.80
   12  383839.82        3.66657400e+00        4.77622430e-08    0.00   20.80
   13  383840.06        4.02410900e+00       -1.01489700e-09    0.00   20.80
   14  383840.32        4.34047500e+00        3.69779730e-08    0.00   21.26
   15  383840.57        4.62103200e+00        3.47467430e-08    0.00   21.26
   16  383840.81        4.87290200e+00       -3.77681870e-08    0.00   21.26
   17  383841.06        5.18136800e+00        9.02563300e-09    0.00   21.26
   18  383841.31        5.55534200e+00       -7.64428170e-08    0.00   20.89
   19  383841.63        5.81304300e+00       -2.75417270e-08    0.00   20.89
   20  383841.88        6.10657700e+00        3.44368530e-08    0.00   20.89
   21  383842.12        6.40301600e+00       -7.64660700e-09    0.00   20.89
   22  383842.41        6.76408900e+00       -1.38444570e-08    0.00   21.01
   23  383842.68        6.99620300e+00       -2.99820700e-09    0.00   21.01
   24  383842.93        7.30792800e+00       -3.42354070e-08    0.00   21.01
   25  383843.17        7.62203700e+00        7.04379300e-09    0.00   21.01
   26  383843.49        7.94422900e+00       -2.45012970e-08    0.00   21.19
   27  383843.77        8.22721100e+00       -5.83400870e-08    0.00   21.19
   28  383844.01        8.51394100e+00        3.32856300e-09    0.00   21.19
   29  383844.28        8.87722200e+00       -5.45593970e-08    0.00   20.80
   30  383844.66        9.12997600e+00       -4.66881170e-08    0.00   20.80
   31  383844.90        9.40377200e+00        1.15097230e-08    0.00   20.80
   32  383845.15        9.71103400e+00        3.53714630e-08    0.00   20.80
   33  383845.46        1.00228000e+01       -3.91887170e-08    0.00   21.27
   34  383845.72        1.03040300e+01        1.18196230e-08    0.00   21.27
   35  383845.96        1.06029800e+01        4.07635930e-08    0.00   21.27
   36  383846.21        1.09274600e+01       -3.60278170e-08    0.00   21.27
   37  383846.51        1.12223600e+01       -3.80731070e-08    0.00   20.89
   38  383846.78        1.14907900e+01       -7.20373470e-08    0.00   20.89
   39  383847.03        1.17923300e+01       -5.12745370e-08    0.00   20.89
   40  383847.31        1.21273800e+01        7.23321300e-09    0.00   20.89
   41  383847.62        1.23582300e+01       -4.83615370e-08    0.00   21.02
   42  383847.90        1.27248100e+01       -2.51195870e-08    0.00   21.02
   43  383848.15        1.29909000e+01        2.39054330e-08    0.00   21.02
   44  383848.50        1.33001600e+01       -9.93484700e-09    0.00   21.18
   45  383848.77        1.35751800e+01       -5.57369870e-08    0.00   21.18
   46  383849.01        1.38841900e+01       -7.58016700e-09    0.00   21.18
   47  383849.29        1.42171800e+01        6.73588300e-09    0.00   21.18
   48  383849.58        1.45108800e+01       -3.29933670e-08    0.00   20.80
   49  383849.83        1.48239100e+01       -1.84903770e-08    0.00   20.80
   50  383850.08        1.50769000e+01       -7.56965870e-08    0.00   20.80
   51  383850.41        1.54054400e+01       -8.06548770e-08    0.00   21.25
   52  383850.70        1.56841300e+01       -4.50791870e-08    0.00   21.25
   53  383850.95        1.59815700e+01        2.21045300e-09    0.00   21.25
   54  383851.20        1.62566100e+01       -4.28479570e-08    0.00   21.25
   55  383851.49        1.66185300e+01        1.53499130e-08    0.00   20.88
   56  383851.77        1.68909900e+01       -2.24570070e-08    0.00   20.88
   57  383852.03        1.71842200e+01       -4.25380570e-08    0.00   20.88
   58  383852.38        1.75151400e+01        1.00197530e-08    0.00   21.01
   59  383852.65        1.78069500e+01        1.42962730e-08    0.00   21.01
   60  383852.90        1.80883000e+01       -7.03044570e-08    0.00   21.01
   61  383853.15        1.83737400e+01       -2.55559370e-08    0.00   21.01
   62  383853.49        1.87105400e+01       -4.19182770e-08    0.00   21.18
   63  383853.78        1.90026500e+01       -7.46429570e-08    0.00   21.18
   64  383854.02        1.92678700e+01       -2.27049270e-08    0.00   21.18
   65  383854.35        1.96317700e+01       -2.53080270e-08    0.00   20.79
   66  383854.61        1.99225500e+01       -9.76989770e-08    0.00   20.79
   67  383854.86        2.02455700e+01       -7.46425670e-08    0.00   20.79
   68  383855.12        2.04667800e+01       -9.39163470e-08    0.00   20.79
   69  383855.36        2.08276100e+01       -5.27606570e-08    0.00   21.25
   70  383855.64        2.11176400e+01       -1.30943970e-08    0.00   21.25
   71  383855.89        2.13708300e+01       -7.35854370e-08    0.00   21.25
   72  383856.14        2.16821700e+01       -1.99120370e-08    0.00   21.25
   73  383856.38        2.20223800e+01       -4.60333700e-09    0.00   20.86
   74  383856.64        2.22845000e+01       -9.29227470e-08    0.00   20.86
   75  383856.90        2.25753100e+01       -4.68726970e-08    0.00   20.86
   76  383857.15        2.28867400e+01       -1.04016897e-07    0.00   20.86
   77  383857.51        2.32274800e+01       -7.84817470e-08    0.00   21.01
   78  383857.76        2.34742000e+01       -1.96641170e-08    0.00   21.01
   79  383858.00        2.37852300e+01       -6.10657770e-08    0.00   21.01
   80  383858.26        2.41525900e+01       -2.37547070e-08    0.00   21.01
   81  383858.52        2.44351100e+01       -7.50109470e-08    0.00   21.16
   82  383858.78        2.46750800e+01       -1.56388757e-07    0.00   21.16
   83  383859.02        2.49793600e+01       -8.63530170e-08    0.00   21.16
   84  383859.29        2.53506400e+01       -8.44936570e-08    0.00   21.16
   85  383859.64        2.56030900e+01       -5.48059470e-08    0.00   20.79
   86  383859.89        2.58743200e+01       -7.56307370e-08    0.00   20.79
   87  383860.13        2.61857000e+01       -3.98691170e-08    0.00   20.79
   88  383860.45        2.65259900e+01       -1.01909627e-07    0.00   21.24
   89  383860.70        2.67665900e+01       -8.21384770e-08    0.00   21.24
   90  383860.94        2.70815700e+01       -7.47671470e-08    0.00   21.24
   91  383861.19        2.74027900e+01       -1.25221787e-07    0.00   21.24
   92  383861.51        2.76972300e+01       -3.59126670e-08    0.00   20.87
   93  383861.77        2.80319600e+01       -3.97553370e-08    0.00   20.87
   94  383862.02        2.82818200e+01       -1.27579017e-07    0.00   20.87
   95  383862.29        2.86507700e+01       -6.62201970e-08    0.00   21.01
   96  383862.58        2.89247500e+01       -1.39850777e-07    0.00   21.01
   97  383862.86        2.92239400e+01       -8.78507370e-08    0.00   21.01
   98  383863.10        2.94887400e+01       -4.28542670e-08    0.00   21.01
   99  383863.43        2.98100900e+01       -1.18220247e-07    0.00   21.17
  100  383863.73        3.00881200e+01       -1.53733987e-07    0.00   21.17
  101  383863.98        3.03892300e+01       -6.04561870e-08    0.00   21.17
  102  383864.23        3.07287100e+01       -1.18344207e-07    0.00   21.17
  103  383864.51        3.10163300e+01       -7.19842070e-08    0.00   20.79
  104  383864.77        3.13055600e+01       -4.20485470e-08    0.00   20.79
  105  383865.01        3.16091400e+01       -9.69615870e-08    0.00   20.79
  106  383865.30        3.19456700e+01       -4.60151770e-08    0.00   20.79
  107  383865.55        3.22760700e+01       -4.55813270e-08    0.00   21.25
  108  383865.81        3.25104100e+01       -1.09853137e-07    0.00   21.25
  109  383866.06        3.28171900e+01       -4.18006270e-08    0.00   21.25
  110  383866.31        3.31570400e+01       -1.17662437e-07    0.00   21.25
  111  383866.55        3.34480800e+01       -8.87184370e-08    0.00   20.86
  112  383866.82        3.37205300e+01       -8.67966170e-08    0.00   20.86
  113  383867.06        3.40153300e+01       -9.98734470e-08    0.00   20.86
  114  383867.31        3.43587600e+01       -2.25666700e-09    0.00   21.02
  115  383867.56        3.46447200e+01       -8.25809170e-08    0.00   21.02
  116  383867.81        3.49228900e+01       -8.28288370e-08    0.00   21.02
  117  383868.06        3.52036700e+01       -2.29575170e-08    0.00   21.02
  118  383868.31        3.55511600e+01       -1.79992270e-08    0.00   21.02
  119  383868.65        3.58497000e+01        1.03869630e-08    0.00   21.16
  120  383868.89        3.61073900e+01        6.17242300e-09    0.00   21.16
  121  383869.13        3.64235000e+01        1.28041330e-08    0.00   21.16
  122  383869.50        3.67565600e+01        5.86682830e-08    0.00   20.79
  123  383869.75        3.70395100e+01        1.22463230e-08    0.00   20.79
  124  383870.00        3.73235300e+01       -4.43401270e-08    0.00   20.79
  125  383870.26        3.76762400e+01        6.51760330e-08    0.00   20.79
  126  383870.54        3.79708800e+01        1.33972273e-07    0.00   21.25
  127  383870.79        3.82238300e+01        1.28456173e-07    0.00   21.25
  128  383871.04        3.85220300e+01        2.12809043e-07    0.00   21.25
  129  383871.28        3.88831200e+01        2.02086743e-07    0.00   20.87
  130  383871.53        3.91800300e+01        2.82225063e-07    0.00   20.87
  131  383871.77        3.94127400e+01        3.37633923e-07    0.00   20.87
  132  383872.01        3.97122700e+01        4.09405123e-07    0.00   20.87
  133  383872.30        4.00693000e+01        5.51955883e-07    0.00   20.87
  134  383872.64        4.02823500e+01        6.79073973e-07    0.00   21.02
  135  383872.89        4.06040200e+01        7.73403253e-07    0.00   21.02
  136  383873.14        4.08881300e+01        9.14650833e-07    0.00   21.02
  137  383873.42        4.12797800e+01        1.13331099e-06    0.00   21.17
  138  383873.71        4.15275800e+01        1.40440548e-06    0.00   21.17
  139  383873.95        4.17869700e+01        1.63360243e-06    0.00   21.17
  140  383874.19        4.21045100e+01        1.86236553e-06    0.00   21.17
  141  383874.49        4.24159400e+01        2.32528386e-06    0.00   20.79
  142  383874.74        4.26897600e+01        3.64592436e-06    0.00   20.79
  143  383875.00        4.29767500e+01        3.64629623e-06    0.00   20.79
  144  383875.26        4.33547300e+01        4.92937769e-06    0.00   20.79
  145  383875.51        4.36318600e+01        5.05166151e-06    0.00   21.26
  146  383875.75        4.38823100e+01        6.75793300e-06    0.00   21.26
  147  383875.99        4.42031900e+01        6.92887004e-06    0.00   21.26
  148  383876.27        4.45117700e+01        9.03800441e-06    0.00   21.26
  149  383876.54        4.48147200e+01        1.06860259e-05    0.00   20.86
  150  383876.80        4.51024400e+01        1.29212364e-05    0.00   20.86
  151  383877.05        4.53911900e+01        1.55056365e-05    0.00   20.86
  152  383877.30        4.57587700e+01        1.91394029e-05    0.00   21.03
  153  383877.66        4.60342700e+01        2.21194149e-05    0.00   21.03