# Ic = 38.15 A, n = 29.57 , Tavg = 0.00 K, Anneal133_00K___3600s
#idx    t_s     iHTS_A                vHTS_V                tHTS_K  tTAR_K
    0  96646.58        4.77597700e-02        4.05009400e-08    0.00   20.80
    1  96646.84        3.45196500e-01        4.18645400e-08    0.00   21.23
    2  96647.13        6.64126400e-01        1.41598400e-08    0.00   21.23
    3  96647.38        9.46570400e-01        8.14784000e-09    0.00   21.23
    4  96647.63        1.23312700e+00        7.28014000e-09    0.00   21.23
    5  96647.93        1.56950600e+00        1.14327400e-08    0.00   20.99
    6  96648.20        1.85088000e+00        1.87462400e-08    0.00   20.99
    7  96648.45        2.12724000e+00       -4.12406000e-09    0.00   20.99
    8  96648.71        2.47982300e+00        2.76440000e-10    0.00   20.99
    9  96648.98        2.77764200e+00        3.62334000e-09    0.00   20.93
   10  96649.23        3.05921300e+00       -2.74901600e-08    0.00   20.93
   11  96649.49        3.36400800e+00        2.14540000e-10    0.00   20.93
   12  96649.82        3.69101600e+00        3.25056400e-08    0.00   21.25
   13  96650.11        3.98856900e+00        1.78785400e-08    0.00   21.25
   14  96650.37        4.26912400e+00       -1.01979600e-08    0.00   21.25
   15  96650.61        4.57641000e+00       -1.49083600e-08    0.00   21.25
   16  96650.95        4.89058300e+00       -3.72208600e-08    0.00   20.80
   17  96651.20        5.17701300e+00       -1.26151600e-08    0.00   20.80
   18  96651.45        5.47956600e+00        2.56974000e-09    0.00   20.80
   19  96651.72        5.78645600e+00       -4.35427600e-08    0.00   20.80
   20  96652.00        6.10836200e+00        1.12477400e-08    0.00   21.23
   21  96652.28        6.39266200e+00       -5.54666000e-09    0.00   21.23
   22  96652.52        6.69703100e+00       -3.37467600e-08    0.00   21.23
   23  96652.91        7.01403400e+00        1.55740000e-10    0.00   21.00
   24  96653.16        7.29589300e+00       -6.27530600e-08    0.00   21.00
   25  96653.40        7.60495500e+00       -8.83504600e-08    0.00   21.00
   26  96653.65        7.88197000e+00       -7.30415600e-08    0.00   21.00
   27  96653.97        8.22307800e+00       -6.87030600e-08    0.00   20.93
   28  96654.23        8.50445900e+00       -1.05456660e-07    0.00   20.93
   29  96654.47        8.80313200e+00       -1.09671260e-07    0.00   20.93
   30  96654.76        9.12233000e+00       -5.44478600e-08    0.00   20.93
   31  96655.06        9.42112800e+00       -4.85598600e-08    0.00   21.25
   32  96655.30        9.69751400e+00       -7.71941600e-08    0.00   21.25
   33  96655.55        9.97353900e+00       -8.59952600e-08    0.00   21.25
   34  96655.85        1.03182600e+01       -1.34029060e-07    0.00   20.80
   35  96656.10        1.05824100e+01       -1.51693160e-07    0.00   20.80
   36  96656.37        1.08932000e+01       -1.45557160e-07    0.00   20.80
   37  96656.61        1.11712500e+01       -1.37561860e-07    0.00   20.80
   38  96656.95        1.15066700e+01       -1.18038460e-07    0.00   21.22
   39  96657.20        1.17886700e+01       -1.04774960e-07    0.00   21.22
   40  96657.44        1.20520600e+01       -9.18832600e-08    0.00   21.22
   41  96657.69        1.23372000e+01       -1.09423360e-07    0.00   21.22
   42  96657.99        1.26989700e+01       -1.36447860e-07    0.00   21.00
   43  96658.24        1.29790100e+01       -1.22194160e-07    0.00   21.00
   44  96658.48        1.32492400e+01       -1.24859260e-07    0.00   21.00
   45  96658.75        1.36002300e+01       -1.53617660e-07    0.00   21.00
   46  96659.06        1.38957600e+01       -1.13703060e-07    0.00   20.92
   47  96659.30        1.41465500e+01       -1.31676960e-07    0.00   20.92
   48  96659.54        1.44496900e+01       -1.80578560e-07    0.00   20.92
   49  96659.87        1.47884200e+01       -1.87334260e-07    0.00   21.25
   50  96660.13        1.50664800e+01       -1.44568660e-07    0.00   21.25
   51  96660.37        1.53409400e+01       -1.42151460e-07    0.00   21.25
   52  96660.62        1.56515100e+01       -1.45808260e-07    0.00   21.25
   53  96660.91        1.59883400e+01       -1.26408760e-07    0.00   20.80
   54  96661.15        1.62445300e+01       -1.20582760e-07    0.00   20.80
   55  96661.39        1.65487400e+01       -1.60249360e-07    0.00   20.80
   56  96661.64        1.68566800e+01       -1.93284260e-07    0.00   20.80
   57  96661.97        1.72001400e+01       -1.82251960e-07    0.00   21.22
   58  96662.21        1.74552300e+01       -1.78347260e-07    0.00   21.22
   59  96662.45        1.77610100e+01       -1.79958760e-07    0.00   21.22
   60  96662.70        1.80511900e+01       -1.89441560e-07    0.00   21.22
   61  96662.99        1.83844500e+01       -2.37475360e-07    0.00   21.00
   62  96663.25        1.86627500e+01       -1.87768160e-07    0.00   21.00
   63  96663.49        1.89483100e+01       -1.67562960e-07    0.00   21.00
   64  96663.78        1.92853600e+01       -2.04743660e-07    0.00   20.91
   65  96664.06        1.95847500e+01       -2.04422460e-07    0.00   20.91
   66  96664.31        1.98477700e+01       -1.92393960e-07    0.00   20.91
   67  96664.56        2.01714500e+01       -1.94811160e-07    0.00   20.91
   68  96664.88        2.04861800e+01       -1.81671560e-07    0.00   21.24
   69  96665.14        2.07478800e+01       -2.07144960e-07    0.00   21.24
   70  96665.38        2.10702400e+01       -2.56356460e-07    0.00   21.24
   71  96665.62        2.13452300e+01       -2.44022560e-07    0.00   21.24
   72  96665.94        2.16670300e+01       -2.59517360e-07    0.00   20.80
   73  96666.18        2.19718700e+01       -2.78730960e-07    0.00   20.80
   74  96666.42        2.22726000e+01       -2.76003860e-07    0.00   20.80
   75  96666.67        2.25608500e+01       -2.70611660e-07    0.00   20.80
   76  96667.01        2.29025100e+01       -1.95802760e-07    0.00   21.21
   77  96667.26        2.31765900e+01       -2.38010660e-07    0.00   21.21
   78  96667.52        2.34564900e+01       -2.53877260e-07    0.00   21.21
   79  96667.77        2.38062600e+01       -2.43402860e-07    0.00   21.00
   80  96668.07        2.40862400e+01       -2.86974160e-07    0.00   21.00
   81  96668.32        2.43797700e+01       -3.18645560e-07    0.00   21.00
   82  96668.57        2.46564000e+01       -2.96890860e-07    0.00   21.00
   83  96668.92        2.49992600e+01       -2.78606960e-07    0.00   20.91
   84  96669.18        2.52532900e+01       -2.69929860e-07    0.00   20.91
   85  96669.43        2.55517500e+01       -2.73462760e-07    0.00   20.91
   86  96669.68        2.58572200e+01       -2.89325060e-07    0.00   20.91
   87  96669.93        2.61998400e+01       -2.39365560e-07    0.00   21.24
   88  96670.18        2.64494600e+01       -2.49589960e-07    0.00   21.24
   89  96670.43        2.67478700e+01       -2.74815460e-07    0.00   21.24
   90  96670.68        2.70578400e+01       -3.05743160e-07    0.00   21.24
   91  96670.94        2.73943200e+01       -3.46959260e-07    0.00   20.79
   92  96671.20        2.76505600e+01       -3.33075960e-07    0.00   20.79
   93  96671.44        2.79597300e+01       -2.98739460e-07    0.00   20.79
   94  96671.68        2.82687600e+01       -3.73672360e-07    0.00   20.79
   95  96671.99        2.86069400e+01       -3.60842660e-07    0.00   21.20
   96  96672.25        2.88565100e+01       -3.34005660e-07    0.00   21.20
   97  96672.49        2.91744100e+01       -3.40637460e-07    0.00   21.20
   98  96672.77        2.94678200e+01       -3.14482160e-07    0.00   21.20
   99  96673.04        2.97894200e+01       -3.34687460e-07    0.00   20.99
  100  96673.30        3.00700200e+01       -3.14234260e-07    0.00   20.99
  101  96673.54        3.03543400e+01       -3.30844660e-07    0.00   20.99
  102  96673.88        3.07261500e+01       -3.33571760e-07    0.00   20.90
  103  96674.13        3.09734800e+01       -3.24212960e-07    0.00   20.90
  104  96674.37        3.12940700e+01       -3.35307260e-07    0.00   20.90
  105  96674.61        3.15856200e+01       -3.54706660e-07    0.00   20.90
  106  96674.92        3.19062100e+01       -3.46339560e-07    0.00   21.24
  107  96675.18        3.21783600e+01       -3.61834360e-07    0.00   21.24
  108  96675.44        3.24868600e+01       -3.78260260e-07    0.00   21.24
  109  96675.68        3.27990200e+01       -3.65374260e-07    0.00   21.24
  110  96675.96        3.31152400e+01       -3.36623160e-07    0.00   20.79
  111  96676.20        3.33922700e+01       -3.29743460e-07    0.00   20.79
  112  96676.45        3.36955300e+01       -3.39536160e-07    0.00   20.79
  113  96676.72        3.40102300e+01       -3.57820060e-07    0.00   20.79
  114  96676.97        3.43187600e+01       -3.32222560e-07    0.00   21.20
  115  96677.23        3.45928200e+01       -3.27946060e-07    0.00   21.20
  116  96677.47        3.48951200e+01       -3.55030960e-07    0.00   21.20
  117  96677.72        3.51805400e+01       -3.29557460e-07    0.00   21.20
  118  96678.02        3.55276400e+01       -3.57386160e-07    0.00   21.00
  119  96678.28        3.58075600e+01       -3.18091360e-07    0.00   21.00
  120  96678.53        3.60806700e+01       -2.80222060e-07    0.00   21.00
  121  96678.78        3.64278100e+01       -2.87411660e-07    0.00   20.89
  122  96679.02        3.67349800e+01       -2.36712660e-07    0.00   20.89
  123  96679.27        3.70194600e+01       -2.19606460e-07    0.00   20.89
  124  96679.51        3.72709900e+01       -1.65498560e-07    0.00   20.89
  125  96679.81        3.76518300e+01       -1.16039160e-07    0.00   21.24
  126  96680.07        3.79346700e+01       -7.48849600e-08    0.00   21.24
  127  96680.31        3.82015600e+01        8.04314000e-09    0.00   21.24
  128  96680.56        3.84834000e+01        7.19437400e-08    0.00   21.24
  129  96680.89        3.88495200e+01        1.14833340e-07    0.00   20.79
  130  96681.14        3.91217200e+01        2.43316140e-07    0.00   20.79
  131  96681.38        3.93953500e+01        3.74155740e-07    0.00   20.79
  132  96681.63        3.96965400e+01        5.15533340e-07    0.00   20.79
  133  96681.88        4.00298200e+01        7.54528140e-07    0.00   21.20
  134  96682.13        4.02811100e+01        9.86702240e-07    0.00   21.20
  135  96682.38        4.05578300e+01        1.24893624e-06    0.00   21.20
  136  96682.62        4.08877300e+01        1.51259584e-06    0.00   21.20
  137  96682.89        4.12246600e+01        1.89581334e-06    0.00   21.01
  138  96683.15        4.14687200e+01        2.39691524e-06    0.00   21.01
  139  96683.39        4.17679000e+01        2.82692694e-06    0.00   21.01
  140  96683.63        4.20743500e+01        4.25102324e-06    0.00   21.01
  141  96683.91        4.23842400e+01        4.50860884e-06    0.00   20.90
  142  96684.17        4.26647900e+01        5.74943254e-06    0.00   20.90
  143  96684.42        4.29803200e+01        7.30009044e-06    0.00   20.90
  144  96684.66        4.32883800e+01        8.28717124e-06    0.00   20.90
  145  96684.96        4.36067700e+01        1.05642873e-05    0.00   21.25
  146  96685.22        4.38806200e+01        1.26429459e-05    0.00   21.25
  147  96685.47        4.41849200e+01        1.44216872e-05    0.00   21.25
  148  96685.84        4.44543600e+01        1.70731576e-05    0.00   21.25
  149  96686.14        4.48015100e+01        2.25275755e-05    0.00   20.80