# Ic = 38.08 A, n = 28.14 , Tavg = 0.00 K, Anneal172_00K___3600s
#idx    t_s     iHTS_A                vHTS_V                tHTS_K  tTAR_K
    0  86815.09        6.45104200e-02        1.19617000e-09    0.00   20.87
    1  86815.35        3.46307600e-01       -4.07203000e-09    0.00   20.87
    2  86815.60        6.49056700e-01       -2.52253000e-09    0.00   20.87
    3  86815.93        9.87652700e-01       -8.47253000e-09    0.00   21.06
    4  86816.18        1.26688900e+00        3.20617700e-08    0.00   21.06
    5  86816.42        1.54218100e+00        3.95611700e-08    0.00   21.06
    6  86816.66        1.85033400e+00        2.01617700e-08    0.00   21.06
    7  86816.95        2.19097600e+00        3.42747000e-09    0.00   21.18
    8  86817.20        2.47195600e+00        2.44383700e-08    0.00   21.18
    9  86817.45        2.75424300e+00        2.28888700e-08    0.00   21.18
   10  86817.70        3.06359400e+00        1.17326700e-08    0.00   21.18
   11  86818.04        3.40443200e+00       -1.46704300e-08    0.00   20.83
   12  86818.30        3.65830900e+00       -2.94898300e-08    0.00   20.83
   13  86818.54        3.96520800e+00       -4.85225300e-08    0.00   20.83
   14  86818.89        4.31030200e+00        2.11297000e-09    0.00   21.27
   15  86819.17        4.62201800e+00        9.05457000e-09    0.00   21.27
   16  86819.41        4.86077800e+00       -1.72864300e-08    0.00   21.27
   17  86819.66        5.15096800e+00       -1.29593000e-09    0.00   21.27
   18  86819.95        5.51997900e+00        2.53570000e-10    0.00   20.87
   19  86820.21        5.77382400e+00        5.39787000e-09    0.00   20.87
   20  86820.47        6.07769700e+00        3.00654700e-08    0.00   20.87
   21  86820.71        6.39227500e+00        3.85565700e-08    0.00   20.87
   22  86821.01        6.73660000e+00        9.48847000e-09    0.00   21.07
   23  86821.26        6.99215800e+00        2.60877000e-09    0.00   21.07
   24  86821.51        7.29908200e+00       -3.91030300e-08    0.00   21.07
   25  86821.86        7.64810000e+00       -2.77609300e-08    0.00   21.07
   26  86822.26        7.89793000e+00       -1.13984300e-08    0.00   20.83
   27  86822.51        8.19663700e+00       -1.35783000e-09    0.00   20.83
   28  86822.81        8.49743500e+00       -1.60469300e-08    0.00   20.83
   29  86823.09        8.84381100e+00       -2.78343000e-09    0.00   20.82
   30  86823.34        9.09311900e+00       -2.32984300e-08    0.00   20.82
   31  86823.59        9.39576300e+00       -3.64999300e-08    0.00   20.82
   32  86823.99        9.73290800e+00       -5.39780300e-08    0.00   21.27
   33  86824.27        9.98724000e+00       -4.44958300e-08    0.00   21.27
   34  86824.51        1.02890100e+01       -2.74520300e-08    0.00   21.27
   35  86824.81        1.06348500e+01       -3.26582300e-08    0.00   20.86
   36  86825.16        1.09343200e+01       -7.24487300e-08    0.00   20.86
   37  86825.40        1.11776600e+01       -6.81102300e-08    0.00   20.86
   38  86825.65        1.14768000e+01       -7.97622300e-08    0.00   20.86
   39  86825.96        1.18132000e+01       -5.44128300e-08    0.00   21.08
   40  86826.21        1.20624700e+01       -2.34853300e-08    0.00   21.08
   41  86826.46        1.23621500e+01       -6.78003300e-08    0.00   21.08
   42  86826.71        1.26484500e+01       -6.22842300e-08    0.00   21.08
   43  86827.02        1.30118400e+01       -9.56288300e-08    0.00   21.16
   44  86827.27        1.32632700e+01       -8.51544300e-08    0.00   21.16
   45  86827.51        1.35657200e+01       -4.66035300e-08    0.00   21.16
   46  86827.80        1.39339600e+01       -7.52997300e-08    0.00   20.83
   47  86828.07        1.41769300e+01       -8.24893300e-08    0.00   20.83
   48  86828.32        1.44550300e+01       -9.00507300e-08    0.00   20.83
   49  86828.57        1.47632800e+01       -7.52378300e-08    0.00   20.83
   50  86828.88        1.51005400e+01       -7.90805300e-08    0.00   21.27
   51  86829.16        1.53521600e+01       -7.08373300e-08    0.00   21.27
   52  86829.40        1.56549500e+01       -1.11743430e-07    0.00   21.27
   53  86829.64        1.59623200e+01       -1.20048530e-07    0.00   21.27
   54  86830.00        1.62804800e+01       -1.12673130e-07    0.00   20.85
   55  86830.27        1.65618800e+01       -9.69890300e-08    0.00   20.85
   56  86830.51        1.68660700e+01       -9.33927300e-08    0.00   20.85
   57  86830.80        1.71865200e+01       -1.12916130e-07    0.00   20.85
   58  86831.06        1.74900800e+01       -1.15767130e-07    0.00   21.08
   59  86831.31        1.77728900e+01       -9.02318300e-08    0.00   21.08
   60  86831.55        1.80765300e+01       -1.03681230e-07    0.00   21.08
   61  86831.95        1.84056200e+01       -1.37025930e-07    0.00   21.08
   62  86832.20        1.86689600e+01       -1.09073430e-07    0.00   21.15
   63  86832.44        1.89740100e+01       -8.29803300e-08    0.00   21.15
   64  86832.69        1.92573600e+01       -9.27729300e-08    0.00   21.15
   65  86832.95        1.95955700e+01       -1.15333330e-07    0.00   20.83
   66  86833.20        1.98540500e+01       -1.29526530e-07    0.00   20.83
   67  86833.44        2.01792400e+01       -1.41426430e-07    0.00   20.83
   68  86833.70        2.04559500e+01       -1.59958230e-07    0.00   20.83
   69  86833.96        2.07991100e+01       -1.70618530e-07    0.00   21.27
   70  86834.24        2.11173400e+01       -1.33555130e-07    0.00   21.27
   71  86834.48        2.13568400e+01       -1.22956730e-07    0.00   21.27
   72  86834.74        2.16942400e+01       -1.40000930e-07    0.00   21.27
   73  86835.04        2.20127900e+01       -1.24010330e-07    0.00   20.84
   74  86835.30        2.22885600e+01       -1.47748330e-07    0.00   20.84
   75  86835.54        2.25669600e+01       -1.47686330e-07    0.00   20.84
   76  86835.85        2.29149000e+01       -1.19422830e-07    0.00   21.08
   77  86836.14        2.32193800e+01       -1.31069530e-07    0.00   21.08
   78  86836.38        2.34649200e+01       -1.34226130e-07    0.00   21.08
   79  86836.63        2.37449500e+01       -1.95399430e-07    0.00   21.08
   80  86836.87        2.41053900e+01       -2.03394730e-07    0.00   21.14
   81  86837.12        2.44207700e+01       -1.78355230e-07    0.00   21.14
   82  86837.36        2.46681400e+01       -1.96824930e-07    0.00   21.14
   83  86837.61        2.49732400e+01       -1.74326530e-07    0.00   21.14
   84  86837.95        2.53156100e+01       -1.93787930e-07    0.00   20.82
   85  86838.20        2.55411800e+01       -2.21430630e-07    0.00   20.82
   86  86838.44        2.58656300e+01       -1.97196830e-07    0.00   20.82
   87  86838.68        2.61704500e+01       -2.09716530e-07    0.00   20.82
   88  86838.93        2.65038600e+01       -2.04014530e-07    0.00   21.27
   89  86839.20        2.67586800e+01       -1.90069230e-07    0.00   21.27
   90  86839.46        2.70619700e+01       -1.73396830e-07    0.00   21.27
   91  86839.70        2.73697900e+01       -1.59637530e-07    0.00   21.27
   92  86839.95        2.76377900e+01       -1.68314530e-07    0.00   20.84
   93  86840.21        2.79991400e+01       -1.66951030e-07    0.00   20.84
   94  86840.45        2.82681800e+01       -2.00357730e-07    0.00   20.84
   95  86840.70        2.85566700e+01       -2.36677430e-07    0.00   20.84
   96  86841.00        2.88925000e+01       -2.07051430e-07    0.00   21.09
   97  86841.26        2.91718700e+01       -2.10274430e-07    0.00   21.09
   98  86841.51        2.94831400e+01       -2.48825330e-07    0.00   21.09
   99  86841.79        2.98080300e+01       -2.22545330e-07    0.00   21.09
  100  86842.05        3.01001900e+01       -2.20743530e-07    0.00   21.15
  101  86842.30        3.03577800e+01       -2.28425430e-07    0.00   21.15
  102  86842.55        3.06835800e+01       -2.29727030e-07    0.00   21.15
  103  86842.84        3.10142400e+01       -2.32516030e-07    0.00   20.83
  104  86843.10        3.12722900e+01       -2.49684230e-07    0.00   20.83
  105  86843.34        3.15992200e+01       -2.08282230e-07    0.00   20.83
  106  86843.59        3.18744100e+01       -2.51233730e-07    0.00   20.83
  107  86843.83        3.22177600e+01       -2.33569730e-07    0.00   21.27
  108  86844.10        3.25304100e+01       -2.15533830e-07    0.00   21.27
  109  86844.37        3.28052200e+01       -2.09769730e-07    0.00   21.27
  110  86844.61        3.30834000e+01       -2.25326530e-07    0.00   21.27
  111  86844.96        3.34334800e+01       -2.36730630e-07    0.00   20.83
  112  86845.22        3.37227400e+01       -2.14418130e-07    0.00   20.83
  113  86845.48        3.39724000e+01       -2.04935330e-07    0.00   20.83
  114  86845.74        3.43123800e+01       -2.08902030e-07    0.00   20.83
  115  86846.03        3.46305900e+01       -2.29479130e-07    0.00   21.10
  116  86846.28        3.49117400e+01       -2.14852030e-07    0.00   21.10
  117  86846.53        3.51930000e+01       -2.39953530e-07    0.00   21.10
  118  86846.86        3.55430300e+01       -1.82560930e-07    0.00   21.10
  119  86847.20        3.58092900e+01       -1.58637030e-07    0.00   21.14
  120  86847.46        3.60895900e+01       -1.77664530e-07    0.00   21.14
  121  86847.71        3.63967900e+01       -1.92664730e-07    0.00   21.14
  122  86848.01        3.67413900e+01       -1.71842230e-07    0.00   20.83
  123  86848.26        3.70282000e+01       -9.28833300e-08    0.00   20.83
  124  86848.51        3.72976400e+01       -5.46422300e-08    0.00   20.83
  125  86848.79        3.76650200e+01        1.13887000e-09    0.00   21.26
  126  86849.04        3.79479900e+01        5.85314700e-08    0.00   21.26
  127  86849.29        3.82014600e+01        8.57402700e-08    0.00   21.26
  128  86849.53        3.84779000e+01        1.57202170e-07    0.00   21.26
  129  86849.79        3.88660700e+01        2.34675970e-07    0.00   20.83
  130  86850.06        3.91481600e+01        3.81318370e-07    0.00   20.83
  131  86850.32        3.94084000e+01        4.29352170e-07    0.00   20.83
  132  86850.57        3.96999500e+01        5.83493970e-07    0.00   20.83
  133  86850.89        4.00407700e+01        7.63357170e-07    0.00   21.10
  134  86851.15        4.02761000e+01        1.02187187e-06    0.00   21.10
  135  86851.39        4.05849200e+01        1.18146787e-06    0.00   21.10
  136  86851.63        4.08752100e+01        1.39820857e-06    0.00   21.10
  137  86851.93        4.12221600e+01        1.71845437e-06    0.00   21.13
  138  86852.19        4.14732100e+01        2.21744767e-06    0.00   21.13
  139  86852.45        4.17774300e+01        2.66450257e-06    0.00   21.13
  140  86852.69        4.20801900e+01        3.82877897e-06    0.00   21.13
  141  86852.97        4.23966100e+01        3.98428437e-06    0.00   20.83
  142  86853.23        4.27000300e+01        5.33877447e-06    0.00   20.83
  143  86853.48        4.29790000e+01        6.37965057e-06    0.00   20.83
  144  86853.72        4.32957400e+01        7.70327727e-06    0.00   20.83
  145  86854.02        4.36051200e+01        9.13294807e-06    0.00   21.27
  146  86854.26        4.38805800e+01        1.11842068e-05    0.00   21.27
  147  86854.52        4.41837300e+01        1.22537793e-05    0.00   21.27
  148  86854.84        4.45055800e+01        1.55342065e-05    0.00   20.83
  149  86855.13        4.47985800e+01        1.80458455e-05    0.00   20.83
  150  86855.39        4.50824400e+01        2.28747572e-05    0.00   20.83