# Ic = 38.59 A, n = 27.43 , Tavg = 0.00 K, Anneal232_00K___3600s
#idx    t_s     iHTS_A                vHTS_V                tHTS_K  tTAR_K
    0  271610.90        6.18880100e-02        6.93667200e-08    0.00   21.25
    1  271611.14        3.70548000e-01        2.05772000e-09    0.00   21.25
    2  271611.43        7.05487900e-01        4.41413200e-08    0.00   20.79
    3  271611.81        9.65470200e-01        8.28161200e-08    0.00   20.79
    4  271612.06        1.26610400e+00        4.79220200e-08    0.00   20.79
    5  271612.35        1.58533800e+00       -1.78374800e-08    0.00   20.79
    6  271612.61        1.88675800e+00       -2.77668000e-09    0.00   20.86
    7  271612.90        2.16313600e+00       -5.44178000e-09    0.00   20.86
    8  271613.15        2.47197200e+00       -4.56039800e-08    0.00   20.86
    9  271613.50        2.79531800e+00        8.68942000e-09    0.00   21.26
   10  271613.74        3.07440500e+00        2.18482000e-09    0.00   21.26
   11  271613.99        3.37760700e+00       -1.73359800e-08    0.00   21.26
   12  271614.25        3.70418600e+00        6.03241200e-08    0.00   21.26
   13  271614.55        4.00339200e+00        2.92727200e-08    0.00   20.81
   14  271614.82        4.28294000e+00       -3.76023800e-08    0.00   20.81
   15  271615.07        4.59006000e+00        2.23931200e-08    0.00   20.81
   16  271615.47        4.90749500e+00       -1.46082800e-08    0.00   21.16
   17  271615.73        5.18761900e+00       -3.49372800e-08    0.00   21.16
   18  271615.97        5.49062800e+00       -4.60934800e-08    0.00   21.16
   19  271616.22        5.79046700e+00       -8.41484800e-08    0.00   21.16
   20  271616.54        6.12785400e+00       -4.28085800e-08    0.00   21.06
   21  271616.79        6.41122100e+00        2.56160200e-08    0.00   21.06
   22  271617.04        6.71011300e+00       -3.85320800e-08    0.00   21.06
   23  271617.31        7.04899200e+00       -7.81985800e-08    0.00   20.85
   24  271617.66        7.30323600e+00       -1.95665800e-08    0.00   20.85
   25  271617.91        7.61374000e+00       -2.08061800e-08    0.00   20.85
   26  271618.16        7.89246000e+00       -1.04787480e-07    0.00   20.85
   27  271618.48        8.24256800e+00       -8.45203800e-08    0.00   21.27
   28  271618.74        8.51570900e+00       -6.82818800e-08    0.00   21.27
   29  271618.99        8.81674700e+00       -1.13960280e-07    0.00   21.27
   30  271619.25        9.14437800e+00       -8.24130800e-08    0.00   21.27
   31  271619.67        9.43695400e+00       -7.66560800e-08    0.00   20.80
   32  271619.93        9.70068200e+00       -1.89024800e-08    0.00   20.80
   33  271620.17        9.98424400e+00       -2.10096800e-08    0.00   20.80
   34  271620.48        1.03326500e+01       -3.11122800e-08    0.00   21.17
   35  271620.73        1.06054300e+01       -3.97272800e-08    0.00   21.17
   36  271620.99        1.09032200e+01       -1.60513800e-08    0.00   21.17
   37  271621.25        1.12294100e+01       -3.10502800e-08    0.00   21.17
   38  271621.63        1.15200900e+01       -6.29693800e-08    0.00   21.03
   39  271621.88        1.17864000e+01       -1.12242480e-07    0.00   21.03
   40  271622.13        1.20572300e+01       -6.61302800e-08    0.00   21.03
   41  271622.49        1.23631500e+01       -1.15775280e-07    0.00   20.86
   42  271622.77        1.26782400e+01       -4.64210800e-08    0.00   20.86
   43  271623.02        1.29839000e+01       -1.23326800e-08    0.00   20.86
   44  271623.29        1.32990200e+01       -5.72053800e-08    0.00   20.86
   45  271623.60        1.36047900e+01       -1.02945680e-07    0.00   21.25
   46  271623.85        1.38753600e+01       -3.54507800e-08    0.00   21.25
   47  271624.09        1.41475000e+01       -8.31124800e-08    0.00   21.25
   48  271624.42        1.45119000e+01       -2.41086800e-08    0.00   20.80
   49  271624.72        1.47704200e+01       -3.83017800e-08    0.00   20.80
   50  271624.96        1.50687100e+01       -5.96224800e-08    0.00   20.80
   51  271625.20        1.53509500e+01       -1.46640780e-07    0.00   20.80
   52  271625.54        1.56961100e+01       -7.44963800e-08    0.00   21.17
   53  271625.79        1.59710500e+01       -7.34406800e-08    0.00   21.17
   54  271626.03        1.62509800e+01       -1.74775680e-07    0.00   21.17
   55  271626.39        1.65952700e+01       -8.26132800e-08    0.00   21.17
   56  271626.72        1.69053200e+01       -9.99672800e-08    0.00   21.03
   57  271626.96        1.71740400e+01       -1.17135480e-07    0.00   21.03
   58  271627.21        1.74642500e+01       -9.39553800e-08    0.00   21.03
   59  271627.54        1.78039100e+01       -1.08644380e-07    0.00   20.86
   60  271627.79        1.80861500e+01       -7.50518800e-08    0.00   20.86
   61  271628.03        1.83631400e+01       -2.02005800e-08    0.00   20.86
   62  271628.31        1.87098500e+01       -7.17669800e-08    0.00   20.86
   63  271628.65        1.90136000e+01       -1.30956680e-07    0.00   21.26
   64  271628.89        1.92600700e+01       -1.10999580e-07    0.00   21.26
   65  271629.14        1.95665600e+01       -1.04553780e-07    0.00   21.26
   66  271629.52        1.99250200e+01       -1.71614780e-07    0.00   20.78
   67  271629.77        2.01866800e+01       -1.96716180e-07    0.00   20.78
   68  271630.01        2.04599100e+01       -1.42608680e-07    0.00   20.78
   69  271630.30        2.08315800e+01       -1.17445380e-07    0.00   20.78
   70  271630.61        2.11146100e+01       -9.23438800e-08    0.00   21.18
   71  271630.87        2.13549800e+01       -9.90995800e-08    0.00   21.18
   72  271631.11        2.16718700e+01       -1.36224880e-07    0.00   21.18
   73  271631.41        2.20350100e+01       -7.56079800e-08    0.00   21.01
   74  271631.69        2.22882800e+01       -6.64938800e-08    0.00   21.01
   75  271631.94        2.25657700e+01       -1.35227780e-07    0.00   21.01
   76  271632.18        2.28774000e+01       -1.02936880e-07    0.00   21.01
   77  271632.57        2.32212200e+01       -1.48057480e-07    0.00   20.86
   78  271632.82        2.34658500e+01       -1.42975180e-07    0.00   20.86
   79  271633.06        2.37739900e+01       -1.62746380e-07    0.00   20.86
   80  271633.45        2.41329400e+01       -1.48367380e-07    0.00   21.24
   81  271633.71        2.43957500e+01       -1.55804780e-07    0.00   21.24
   82  271633.96        2.46734100e+01       -1.82827580e-07    0.00   21.24
   83  271634.22        2.49756800e+01       -1.16386280e-07    0.00   21.24
   84  271634.50        2.53191000e+01       -1.34669980e-07    0.00   20.78
   85  271634.75        2.55457200e+01       -1.34855980e-07    0.00   20.78
   86  271635.00        2.58760300e+01       -1.66713080e-07    0.00   20.78
   87  271635.28        2.62144600e+01       -2.08114880e-07    0.00   20.78
   88  271635.55        2.65206200e+01       -1.46445980e-07    0.00   21.17
   89  271635.85        2.67668400e+01       -1.79480680e-07    0.00   21.17
   90  271636.09        2.70683100e+01       -2.46355780e-07    0.00   21.17
   91  271636.46        2.74219200e+01       -2.25221080e-07    0.00   21.00
   92  271636.71        2.76580500e+01       -2.28381980e-07    0.00   21.00
   93  271636.97        2.79521400e+01       -2.35261580e-07    0.00   21.00
   94  271637.21        2.82668900e+01       -1.94113280e-07    0.00   21.00
   95  271637.51        2.86181500e+01       -1.86131780e-07    0.00   20.86
   96  271637.77        2.88603200e+01       -2.37148580e-07    0.00   20.86
   97  271638.03        2.91686100e+01       -1.50812280e-07    0.00   20.86
   98  271638.36        2.95252900e+01       -1.33086280e-07    0.00   21.24
   99  271638.63        2.97905100e+01       -1.59551280e-07    0.00   21.24
  100  271638.88        3.00701900e+01       -1.03832380e-07    0.00   21.24
  101  271639.13        3.03815900e+01       -1.36247180e-07    0.00   21.24
  102  271639.42        3.07504800e+01       -1.97110380e-07    0.00   20.77
  103  271639.67        3.09992200e+01       -1.48333080e-07    0.00   20.77
  104  271639.92        3.12845000e+01       -2.25248680e-07    0.00   20.77
  105  271640.18        3.15993000e+01       -2.22273680e-07    0.00   20.77
  106  271640.45        3.19128000e+01       -2.16323780e-07    0.00   21.18
  107  271640.71        3.21923400e+01       -2.21715880e-07    0.00   21.18
  108  271640.96        3.24962100e+01       -1.59055380e-07    0.00   21.18
  109  271641.22        3.28032500e+01       -1.68352180e-07    0.00   21.18
  110  271641.55        3.31264500e+01       -2.13596680e-07    0.00   20.98
  111  271641.81        3.33965900e+01       -1.71946980e-07    0.00   20.98
  112  271642.05        3.37021500e+01       -2.00643180e-07    0.00   20.98
  113  271642.30        3.40417100e+01       -2.21344080e-07    0.00   20.87
  114  271642.55        3.43245000e+01       -1.40957580e-07    0.00   20.87
  115  271642.79        3.45979300e+01       -2.27541880e-07    0.00   20.87
  116  271643.05        3.49082900e+01       -1.50626280e-07    0.00   20.87
  117  271643.33        3.52485700e+01       -1.40151380e-07    0.00   21.23
  118  271643.64        3.55244800e+01       -2.13719580e-07    0.00   21.23
  119  271643.89        3.58047500e+01       -2.32065280e-07    0.00   21.23
  120  271644.14        3.60944800e+01       -1.92584880e-07    0.00   21.23
  121  271644.48        3.64359700e+01       -1.84527580e-07    0.00   20.78
  122  271644.75        3.66985000e+01       -1.66491780e-07    0.00   20.78
  123  271644.99        3.70238200e+01       -1.48765880e-07    0.00   20.78
  124  271645.25        3.73489300e+01       -1.06930180e-07    0.00   20.78
  125  271645.54        3.76427100e+01       -2.36307800e-08    0.00   21.18
  126  271645.80        3.79572300e+01       -1.16068800e-08    0.00   21.18
  127  271646.04        3.82070000e+01       -8.50798000e-09    0.00   21.18
  128  271646.41        3.85489000e+01        6.15900200e-08    0.00   21.18
  129  271646.69        3.88276600e+01        1.56975320e-07    0.00   20.98
  130  271646.94        3.91249800e+01        1.54682120e-07    0.00   20.98
  131  271647.18        3.93766700e+01        2.86634820e-07    0.00   20.98
  132  271647.53        3.97371400e+01        3.86978420e-07    0.00   20.87
  133  271647.81        4.00151100e+01        4.72137220e-07    0.00   20.87
  134  271648.06        4.02888900e+01        5.41801320e-07    0.00   20.87
  135  271648.45        4.06220700e+01        7.31146420e-07    0.00   21.24
  136  271648.71        4.08996700e+01        1.02895432e-06    0.00   21.24
  137  271648.96        4.12054200e+01        1.17460442e-06    0.00   21.24
  138  271649.21        4.14806000e+01        1.45840712e-06    0.00   21.24
  139  271649.54        4.18037700e+01        1.68642852e-06    0.00   20.78
  140  271649.79        4.20959600e+01        2.74391042e-06    0.00   20.78
  141  271650.03        4.23662400e+01        2.73417982e-06    0.00   20.78
  142  271650.36        4.27124100e+01        2.90102662e-06    0.00   20.78
  143  271650.70        4.30224700e+01        3.57833042e-06    0.00   21.19
  144  271650.95        4.33005300e+01        5.08676942e-06    0.00   21.19
  145  271651.20        4.35761500e+01        6.06690142e-06    0.00   21.19
  146  271651.49        4.39224000e+01        7.10622322e-06    0.00   20.97
  147  271651.76        4.42021900e+01        8.66257172e-06    0.00   20.97
  148  271652.01        4.44643400e+01        1.00367026e-05    0.00   20.97
  149  271652.29        4.48220100e+01        1.10229085e-05    0.00   20.97
  150  271652.55        4.51237600e+01        1.50488004e-05    0.00   20.88
  151  271652.81        4.54028300e+01        1.73197019e-05    0.00   20.88
  152  271653.06        4.56751200e+01        1.92778586e-05    0.00   20.88
  153  271653.32        4.60447200e+01        2.55153380e-05    0.00   21.23