# Ic = 38.01 A, n = 28.84 , Tavg = 0.00 K, Anneal118_00K___3600s
#idx    t_s     iHTS_A                vHTS_V                tHTS_K  tTAR_K
    0  56488.98        8.09573900e-02        9.39493800e-08    0.00   21.18
    1  56489.23        3.60871800e-01        8.59539800e-08    0.00   21.18
    2  56489.48        6.36082500e-01        1.19112980e-07    0.00   21.18
    3  56489.74        9.27998400e-01        1.12543180e-07    0.00   21.18
    4  56490.00        1.28413000e+00        1.10249880e-07    0.00   21.06
    5  56490.26        1.53322100e+00        1.36405180e-07    0.00   21.06
    6  56490.51        1.83724600e+00        1.09072280e-07    0.00   21.06
    7  56490.84        2.18302100e+00        6.66784800e-08    0.00   20.87
    8  56491.10        2.48886800e+00        7.56654800e-08    0.00   20.87
    9  56491.34        2.74157300e+00        8.58300800e-08    0.00   20.87
   10  56491.59        3.03505500e+00        8.04378800e-08    0.00   20.87
   11  56491.94        3.39577800e+00        8.23591800e-08    0.00   21.28
   12  56492.18        3.65066600e+00        1.09196280e-07    0.00   21.28
   13  56492.43        3.93162400e+00        8.65117800e-08    0.00   21.28
   14  56492.71        4.26542400e+00        6.19679800e-08    0.00   21.28
   15  56492.96        4.60371200e+00        1.83964800e-08    0.00   20.81
   16  56493.20        4.85401000e+00        2.45944800e-08    0.00   20.81
   17  56493.45        5.13917400e+00        3.59986800e-08    0.00   20.81
   18  56493.70        5.48905400e+00       -1.00520200e-08    0.00   20.81
   19  56493.96        5.79321500e+00        2.23032800e-08    0.00   21.19
   20  56494.21        6.07330100e+00        4.06542800e-08    0.00   21.19
   21  56494.46        6.37940400e+00        4.96443800e-08    0.00   21.19
   22  56494.71        6.71153100e+00        7.21428800e-08    0.00   21.19
   23  56494.97        7.00284300e+00        2.19395800e-08    0.00   21.05
   24  56495.21        7.29255300e+00        5.82594800e-08    0.00   21.05
   25  56495.45        7.60084900e+00        4.77229800e-08    0.00   21.05
   26  56495.71        7.89756700e+00        3.34677800e-08    0.00   21.05
   27  56495.99        8.22120100e+00        1.56176800e-08    0.00   20.89
   28  56496.23        8.49821900e+00        1.80968800e-08    0.00   20.89
   29  56496.47        8.79566400e+00        3.21041800e-08    0.00   20.89
   30  56496.76        9.06179900e+00        4.95718000e-09    0.00   20.89
   31  56497.03        9.41776200e+00       -1.12814200e-08    0.00   21.27
   32  56497.30        9.69399900e+00       -4.59278200e-08    0.00   21.27
   33  56497.54        9.97108300e+00       -4.11554200e-08    0.00   21.27
   34  56497.85        1.03180000e+01       -2.95033200e-08    0.00   20.82
   35  56498.13        1.05846100e+01        3.19182800e-08    0.00   20.82
   36  56498.37        1.08699900e+01       -1.23970200e-08    0.00   20.82
   37  56498.62        1.11661500e+01        2.14437800e-08    0.00   20.82
   38  56498.89        1.15023600e+01        8.86188000e-09    0.00   21.19
   39  56499.14        1.17779100e+01       -2.91412000e-09    0.00   21.19
   40  56499.39        1.20525100e+01        6.08800000e-11    0.00   21.19
   41  56499.65        1.23501500e+01       -3.27882200e-08    0.00   21.19
   42  56499.98        1.26940600e+01       -3.68796200e-08    0.00   21.05
   43  56500.24        1.29698800e+01       -2.85382000e-09    0.00   21.05
   44  56500.49        1.32403000e+01       -2.20675200e-08    0.00   21.05
   45  56500.75        1.35851700e+01       -4.90286200e-08    0.00   20.88
   46  56501.03        1.38898600e+01       -2.54764200e-08    0.00   20.88
   47  56501.29        1.41306900e+01       -6.44614200e-08    0.00   20.88
   48  56501.54        1.44441700e+01       -6.20442200e-08    0.00   20.88
   49  56501.86        1.47878100e+01       -7.04115200e-08    0.00   21.27
   50  56502.13        1.50824100e+01       -7.40063200e-08    0.00   21.27
   51  56502.37        1.53386300e+01       -7.97084200e-08    0.00   21.27
   52  56502.63        1.56236400e+01       -7.45641200e-08    0.00   21.27
   53  56502.97        1.59892400e+01       -5.93791200e-08    0.00   20.81
   54  56503.21        1.62404800e+01       -7.14651200e-08    0.00   20.81
   55  56503.46        1.65440700e+01       -7.15271200e-08    0.00   20.81
   56  56503.71        1.68660200e+01       -6.45854200e-08    0.00   20.81
   57  56503.98        1.71965700e+01       -7.93365200e-08    0.00   21.19
   58  56504.24        1.74471700e+01       -1.23465820e-07    0.00   21.19
   59  56504.48        1.77548800e+01       -1.43175320e-07    0.00   21.19
   60  56504.80        1.81024000e+01       -1.04066320e-07    0.00   21.03
   61  56505.12        1.83789200e+01       -9.23522200e-08    0.00   21.03
   62  56505.37        1.86573200e+01       -7.29526200e-08    0.00   21.03
   63  56505.62        1.89669300e+01       -6.60729200e-08    0.00   21.03
   64  56505.95        1.92817800e+01       -9.47691200e-08    0.00   20.88
   65  56506.21        1.95555000e+01       -7.63608200e-08    0.00   20.88
   66  56506.45        1.98449800e+01       -7.81582200e-08    0.00   20.88
   67  56506.71        2.01868000e+01       -1.23837020e-07    0.00   20.88
   68  56506.99        2.04800300e+01       -8.95624200e-08    0.00   21.26
   69  56507.23        2.07583500e+01       -9.47067200e-08    0.00   21.26
   70  56507.48        2.10625700e+01       -1.36232920e-07    0.00   21.26
   71  56507.75        2.13768600e+01       -1.08404120e-07    0.00   21.26
   72  56508.10        2.16898400e+01       -9.66900200e-08    0.00   20.81
   73  56508.35        2.19628600e+01       -9.74958200e-08    0.00   20.81
   74  56508.61        2.22704900e+01       -8.62775200e-08    0.00   20.81
   75  56508.95        2.25895700e+01       -1.64743420e-07    0.00   21.19
   76  56509.22        2.28623500e+01       -1.62016320e-07    0.00   21.19
   77  56509.47        2.31705200e+01       -1.85382520e-07    0.00   21.19
   78  56509.76        2.34364000e+01       -1.84328920e-07    0.00   21.19
   79  56510.03        2.37952100e+01       -1.16461520e-07    0.00   21.03
   80  56510.29        2.40700700e+01       -7.24561200e-08    0.00   21.03
   81  56510.55        2.43490700e+01       -1.19126620e-07    0.00   21.03
   82  56510.87        2.46982500e+01       -1.77821120e-07    0.00   20.87
   83  56511.17        2.49628700e+01       -1.99637820e-07    0.00   20.87
   84  56511.42        2.52460300e+01       -1.73978320e-07    0.00   20.87
   85  56511.67        2.55432200e+01       -1.94122120e-07    0.00   20.87
   86  56512.03        2.58851600e+01       -1.82843120e-07    0.00   21.26
   87  56512.28        2.61532900e+01       -1.92884520e-07    0.00   21.26
   88  56512.54        2.64605400e+01       -1.82533920e-07    0.00   21.26
   89  56512.86        2.67783900e+01       -1.62700520e-07    0.00   20.80
   90  56513.16        2.70558100e+01       -1.20802520e-07    0.00   20.80
   91  56513.41        2.73575900e+01       -1.46214020e-07    0.00   20.80
   92  56513.66        2.76381100e+01       -1.77761520e-07    0.00   20.80
   93  56513.96        2.79804100e+01       -1.95673620e-07    0.00   21.19
   94  56514.20        2.82602500e+01       -1.94557920e-07    0.00   21.19
   95  56514.45        2.85663000e+01       -2.13337720e-07    0.00   21.19
   96  56514.74        2.88259800e+01       -2.09061120e-07    0.00   21.19
   97  56515.02        2.91863700e+01       -2.11106420e-07    0.00   21.02
   98  56515.28        2.94669800e+01       -1.86686520e-07    0.00   21.02
   99  56515.52        2.97513300e+01       -1.97594920e-07    0.00   21.02
  100  56515.90        3.00929900e+01       -2.08999120e-07    0.00   21.02
  101  56516.15        3.03782900e+01       -2.03544920e-07    0.00   20.88
  102  56516.39        3.06642600e+01       -2.20403320e-07    0.00   20.88
  103  56516.64        3.09423500e+01       -2.69367020e-07    0.00   20.88
  104  56516.99        3.13073400e+01       -2.14329320e-07    0.00   20.88
  105  56517.24        3.15851000e+01       -1.90901120e-07    0.00   20.96
  106  56517.50        3.18485100e+01       -2.51331020e-07    0.00   20.96
  107  56517.80        3.22097500e+01       -2.31810120e-07    0.00   20.81
  108  56518.06        3.25048800e+01       -2.17433520e-07    0.00   20.81
  109  56518.32        3.28020000e+01       -2.68690520e-07    0.00   20.81
  110  56518.57        3.30708200e+01       -2.43650820e-07    0.00   20.81
  111  56518.92        3.34213700e+01       -2.33982020e-07    0.00   21.19
  112  56519.20        3.36941000e+01       -2.58463920e-07    0.00   21.19
  113  56519.45        3.39734700e+01       -2.87470220e-07    0.00   21.19
  114  56519.69        3.42953600e+01       -2.52947720e-07    0.00   21.19
  115  56519.95        3.46138400e+01       -2.54311320e-07    0.00   21.02
  116  56520.20        3.49025000e+01       -2.32680520e-07    0.00   21.02
  117  56520.44        3.51806400e+01       -2.47927420e-07    0.00   21.02
  118  56520.74        3.54704200e+01       -1.98777720e-07    0.00   21.02
  119  56521.01        3.58294500e+01       -1.85948020e-07    0.00   20.88
  120  56521.27        3.60809100e+01       -2.14644520e-07    0.00   20.88
  121  56521.53        3.63707900e+01       -1.73242220e-07    0.00   20.88
  122  56521.83        3.67444700e+01       -1.20373820e-07    0.00   21.26
  123  56522.15        3.70163900e+01       -6.69476200e-08    0.00   21.26
  124  56522.40        3.72697300e+01       -9.09336200e-08    0.00   21.26
  125  56522.65        3.75964400e+01       -7.46331200e-08    0.00   21.26
  126  56522.89        3.79401000e+01       -3.04692000e-09    0.00   20.80
  127  56523.14        3.81934000e+01        1.07648280e-07    0.00   20.80
  128  56523.38        3.84745500e+01        1.50537980e-07    0.00   20.80
  129  56523.63        3.88008700e+01        2.76112680e-07    0.00   20.80
  130  56523.92        3.91356100e+01        4.15509880e-07    0.00   21.20
  131  56524.18        3.93861300e+01        5.28251580e-07    0.00   21.20
  132  56524.42        3.96817400e+01        6.82642280e-07    0.00   21.20
  133  56524.66        3.99835900e+01        8.55502780e-07    0.00   21.20
  134  56524.93        4.02994800e+01        1.03958158e-06    0.00   21.02
  135  56525.19        4.05731300e+01        1.34092548e-06    0.00   21.02
  136  56525.43        4.08736000e+01        1.55952678e-06    0.00   21.02
  137  56525.68        4.11834200e+01        1.91999898e-06    0.00   21.02
  138  56525.97        4.15002800e+01        2.43597748e-06    0.00   20.89
  139  56526.22        4.17661300e+01        2.84343008e-06    0.00   20.89
  140  56526.46        4.20652800e+01        4.29932618e-06    0.00   20.89
  141  56526.76        4.23351100e+01        4.41113708e-06    0.00   20.89
  142  56527.04        4.26956700e+01        6.18938808e-06    0.00   21.25
  143  56527.28        4.29751700e+01        7.48215438e-06    0.00   21.25
  144  56527.53        4.32610100e+01        8.70110318e-06    0.00   21.25
  145  56528.11        4.35962500e+01        9.94323238e-06    0.00   20.81
  146  56528.36        4.38673800e+01        1.23246048e-05    0.00   20.81
  147  56528.60        4.41703000e+01        1.46699052e-05    0.00   20.81
  148  56528.92        4.44863500e+01        1.78106492e-05    0.00   21.20
  149  56529.18        4.47416700e+01        2.12867636e-05    0.00   21.20