# Ic = 37.97 A, n = 28.62 , Tavg = 0.00 K, Anneal112_00K___3600s
#idx    t_s     iHTS_A                vHTS_V                tHTS_K  tTAR_K
    0  38730.23        8.89024400e-02        1.71427000e-08    0.00   21.23
    1  38730.47        3.77447600e-01        1.89983000e-08    0.00   21.26
    2  38730.73        6.46316900e-01        1.78796000e-08    0.00   21.26
    3  38730.97        9.38821200e-01        1.95530000e-08    0.00   21.26
    4  38731.30        1.27457000e+00        5.14724000e-08    0.00   20.89
    5  38731.60        1.55863900e+00        4.67800000e-09    0.00   20.89
    6  38731.85        1.83769000e+00       -1.94939000e-08    0.00   20.89
    7  38732.09        2.12244400e+00       -6.05862000e-08    0.00   20.89
    8  38732.39        2.49136600e+00       -2.20970000e-08    0.00   21.16
    9  38732.67        2.74232100e+00        2.77963000e-08    0.00   21.16
   10  38732.91        3.04935200e+00        1.96770000e-08    0.00   21.16
   11  38733.16        3.33759000e+00       -1.31100000e-08    0.00   21.16
   12  38733.40        3.68024700e+00       -2.31507000e-08    0.00   21.13
   13  38733.65        3.95573000e+00       -6.10640000e-09    0.00   21.13
   14  38733.90        4.25827200e+00       -3.52986000e-08    0.00   21.13
   15  38734.14        4.58212700e+00       -5.48660000e-09    0.00   21.13
   16  38734.46        4.88166100e+00       -6.66420000e-09    0.00   21.20
   17  38734.71        5.15401500e+00       -5.64336000e-08    0.00   21.20
   18  38734.96        5.47340200e+00       -5.83549000e-08    0.00   21.20
   19  38735.22        5.78008100e+00       -3.69721000e-08    0.00   21.20
   20  38735.48        6.09651600e+00       -7.06268000e-08    0.00   21.01
   21  38735.72        6.39701700e+00       -7.63289000e-08    0.00   21.01
   22  38735.97        6.68909200e+00       -7.57091000e-08    0.00   21.01
   23  38736.26        7.02037000e+00       -3.85221000e-08    0.00   21.01
   24  38736.56        7.31986100e+00       -2.92258000e-08    0.00   20.86
   25  38736.81        7.60168700e+00       -3.22009000e-08    0.00   20.86
   26  38737.06        7.87792700e+00       -1.41650000e-08    0.00   20.86
   27  38737.50        8.21642400e+00       -6.29427000e-08    0.00   21.14
   28  38737.75        8.49886300e+00       -8.58130000e-08    0.00   21.14
   29  38737.99        8.79567600e+00       -1.05584400e-07    0.00   21.14
   30  38738.34        9.10010700e+00       -8.68047000e-08    0.00   21.14
   31  38738.64        9.41387800e+00       -8.26521000e-08    0.00   21.09
   32  38738.89        9.69090100e+00       -1.06328200e-07    0.00   21.09
   33  38739.14        9.94775300e+00       -5.46994000e-08    0.00   21.09
   34  38739.43        1.03120600e+01       -5.43275000e-08    0.00   20.85
   35  38739.70        1.05992100e+01       -1.32607400e-07    0.00   20.85
   36  38739.95        1.08880000e+01       -1.21575100e-07    0.00   20.85
   37  38740.21        1.11766300e+01       -1.10294800e-07    0.00   20.85
   38  38740.53        1.14977500e+01       -1.26223500e-07    0.00   21.26
   39  38740.77        1.17531600e+01       -8.57510000e-08    0.00   21.26
   40  38741.02        1.20457000e+01       -1.12959900e-07    0.00   21.26
   41  38741.27        1.23837800e+01       -8.91599000e-08    0.00   20.75
   42  38741.59        1.26486400e+01       -1.05522400e-07    0.00   20.75
   43  38741.83        1.29678600e+01       -1.26037600e-07    0.00   20.75
   44  38742.08        1.32413300e+01       -9.88279000e-08    0.00   20.75
   45  38742.36        1.35942200e+01       -8.89103000e-08    0.00   21.25
   46  38742.67        1.38606100e+01       -1.31551300e-07    0.00   21.25
   47  38742.91        1.41325900e+01       -1.06821500e-07    0.00   21.25
   48  38743.16        1.44403700e+01       -9.59752000e-08    0.00   21.25
   49  38743.46        1.47807100e+01       -1.08742900e-07    0.00   20.80
   50  38743.73        1.50636400e+01       -1.06883500e-07    0.00   20.80
   51  38743.97        1.53346800e+01       -1.11222100e-07    0.00   20.80
   52  38744.26        1.56937100e+01       -1.16614300e-07    0.00   20.80
   53  38744.58        1.59872200e+01       -1.46488300e-07    0.00   20.84
   54  38744.82        1.62385100e+01       -1.67933100e-07    0.00   20.84
   55  38745.06        1.65392600e+01       -1.67933100e-07    0.00   20.84
   56  38745.51        1.68395500e+01       -1.18411700e-07    0.00   21.03
   57  38745.76        1.71653700e+01       -1.26592900e-07    0.00   21.03
   58  38746.01        1.74448000e+01       -1.59751900e-07    0.00   21.03
   59  38746.40        1.77931700e+01       -1.59999800e-07    0.00   20.88
   60  38746.71        1.81193900e+01       -1.51012800e-07    0.00   20.88
   61  38746.96        1.83434100e+01       -1.53677900e-07    0.00   20.88
   62  38747.26        1.87091300e+01       -1.84543600e-07    0.00   20.88
   63  38747.54        1.89865200e+01       -1.82312300e-07    0.00   21.14
   64  38747.80        1.92413900e+01       -1.71589900e-07    0.00   21.14
   65  38748.05        1.95439000e+01       -2.34057700e-07    0.00   21.14
   66  38748.30        1.98918900e+01       -1.86326400e-07    0.00   20.79
   67  38748.58        2.01711800e+01       -1.80806600e-07    0.00   20.79
   68  38748.83        2.04463900e+01       -2.30204100e-07    0.00   20.79
   69  38749.07        2.07503100e+01       -2.20907200e-07    0.00   20.79
   70  38749.54        2.10446200e+01       -2.13593600e-07    0.00   21.19
   71  38749.79        2.13408800e+01       -1.66427400e-07    0.00   21.19
   72  38750.04        2.16485000e+01       -1.84401400e-07    0.00   21.19
   73  38750.43        2.19925600e+01       -2.08511300e-07    0.00   21.19
   74  38750.73        2.22773000e+01       -2.46132800e-07    0.00   21.02
   75  38750.97        2.25499500e+01       -2.58032800e-07    0.00   21.02
   76  38751.27        2.28452000e+01       -2.45513000e-07    0.00   21.02
   77  38751.55        2.31989800e+01       -2.33427000e-07    0.00   20.88
   78  38751.80        2.34511500e+01       -2.59582300e-07    0.00   20.88
   79  38752.04        2.37527600e+01       -2.39253100e-07    0.00   20.88
   80  38752.32        2.40955100e+01       -2.45451000e-07    0.00   21.24
   81  38752.57        2.43975200e+01       -2.58776600e-07    0.00   21.24
   82  38752.82        2.46520100e+01       -2.53756300e-07    0.00   21.24
   83  38753.08        2.49354600e+01       -2.49045800e-07    0.00   21.24
   84  38753.32        2.53088300e+01       -2.00082100e-07    0.00   21.24
   85  38753.60        2.55767200e+01       -1.92706600e-07    0.00   20.79
   86  38753.85        2.58475900e+01       -2.54687400e-07    0.00   20.79
   87  38754.10        2.61319200e+01       -2.31076100e-07    0.00   20.79
   88  38754.45        2.64978100e+01       -2.37896800e-07    0.00   21.19
   89  38754.72        2.67715800e+01       -2.59837400e-07    0.00   21.19
   90  38754.97        2.70274900e+01       -2.61634800e-07    0.00   21.19
   91  38755.23        2.74040200e+01       -2.63618200e-07    0.00   21.19
   92  38755.54        2.76673100e+01       -2.59589500e-07    0.00   21.26
   93  38755.80        2.79345200e+01       -2.44404600e-07    0.00   21.26
   94  38756.05        2.82447500e+01       -2.68762500e-07    0.00   21.26
   95  38756.34        2.86029400e+01       -2.92438600e-07    0.00   20.81
   96  38756.62        2.88243300e+01       -2.94731800e-07    0.00   20.81
   97  38756.87        2.91691800e+01       -2.84195300e-07    0.00   20.81
   98  38757.12        2.94642300e+01       -2.76014000e-07    0.00   20.81
   99  38757.36        2.97693100e+01       -2.66035400e-07    0.00   21.24
  100  38757.64        3.00590100e+01       -2.94236000e-07    0.00   21.24
  101  38757.88        3.03610300e+01       -2.61820800e-07    0.00   21.24
  102  38758.13        3.06716800e+01       -2.69692100e-07    0.00   21.24
  103  38758.47        3.09859700e+01       -3.26651100e-07    0.00   21.07
  104  38758.74        3.12726600e+01       -3.23118300e-07    0.00   21.07
  105  38758.99        3.15783500e+01       -3.03966700e-07    0.00   21.07
  106  38759.26        3.19033400e+01       -3.00867700e-07    0.00   21.07
  107  38759.57        3.21996600e+01       -2.52090000e-07    0.00   21.19
  108  38759.81        3.24798900e+01       -2.72293700e-07    0.00   21.19
  109  38760.05        3.27829600e+01       -2.67519200e-07    0.00   21.19
  110  38760.35        3.31043800e+01       -2.83260300e-07    0.00   21.25
  111  38760.62        3.33800600e+01       -2.82020800e-07    0.00   21.25
  112  38760.88        3.36876300e+01       -3.04147400e-07    0.00   21.25
  113  38761.12        3.39622000e+01       -3.10965100e-07    0.00   21.25
  114  38761.48        3.43045500e+01       -3.21935400e-07    0.00   20.89
  115  38761.75        3.45866700e+01       -3.14993800e-07    0.00   20.89
  116  38761.99        3.48889700e+01       -2.98507300e-07    0.00   20.89
  117  38762.30        3.51676900e+01       -2.53386300e-07    0.00   20.89
  118  38762.54        3.55139000e+01       -2.29896100e-07    0.00   21.24
  119  38762.79        3.57870500e+01       -2.20537200e-07    0.00   21.24
  120  38763.03        3.60750500e+01       -2.64480600e-07    0.00   21.24
  121  38763.35        3.64250100e+01       -1.97357000e-07    0.00   20.79
  122  38763.61        3.67222400e+01       -1.40026100e-07    0.00   20.79
  123  38763.86        3.70031100e+01       -1.64198000e-07    0.00   20.79
  124  38764.10        3.72622400e+01       -1.12693200e-07    0.00   20.79
  125  38764.47        3.76283700e+01       -4.66852000e-08    0.00   21.20
  126  38764.72        3.79300500e+01        2.62645000e-08    0.00   21.20
  127  38764.97        3.81878900e+01        5.81838000e-08    0.00   21.20
  128  38765.22        3.85359500e+01        1.09936600e-07    0.00   21.20
  129  38765.50        3.88346700e+01        1.88278500e-07    0.00   21.00
  130  38765.77        3.90987200e+01        3.54628300e-07    0.00   21.00
  131  38766.01        3.93818200e+01        4.66188500e-07    0.00   21.00
  132  38766.28        3.97242800e+01        6.10598900e-07    0.00   20.81
  133  38766.57        4.00281600e+01        8.39922400e-07    0.00   20.81
  134  38766.82        4.02597700e+01        1.02957920e-06    0.00   20.81
  135  38767.07        4.05659400e+01        1.31115120e-06    0.00   20.81
  136  38767.32        4.08750800e+01        1.59687590e-06    0.00   21.16
  137  38767.64        4.11854900e+01        1.98244920e-06    0.00   21.16
  138  38767.88        4.14473300e+01        2.47710620e-06    0.00   21.16
  139  38768.12        4.17384700e+01        3.55356300e-06    0.00   21.16
  140  38768.48        4.20969500e+01        3.61138980e-06    0.00   20.80
  141  38768.73        4.23561700e+01        4.87254500e-06    0.00   20.80
  142  38768.99        4.26282800e+01        5.98625140e-06    0.00   20.80
  143  38769.32        4.30013000e+01        7.13633960e-06    0.00   20.80
  144  38769.57        4.32994100e+01        8.88037570e-06    0.00   21.21
  145  38769.82        4.35624200e+01        1.03425298e-05    0.00   21.21
  146  38770.06        4.38719800e+01        1.18149105e-05    0.00   21.21
  147  38770.40        4.42146700e+01        1.44684310e-05    0.00   21.21
  148  38770.67        4.44343000e+01        1.80546783e-05    0.00   21.26
  149  38770.91        4.47280000e+01        2.04744747e-05    0.00   21.26