# Ic = 38.85 A, n = 27.39 , Tavg = 0.00 K, Anneal259_00K___3600s
#idx    t_s     iHTS_A                vHTS_V                tHTS_K  tTAR_K
    0  362976.57        1.05174200e-01       -1.02772583e-07    0.00   20.96
    1  362976.82        3.81094000e-01       -9.72563330e-08    0.00   20.96
    2  362977.07        6.58159300e-01       -4.74875930e-08    0.00   20.96
    3  362977.44        1.01296200e+00       -1.23783093e-07    0.00   21.20
    4  362977.72        1.28590800e+00       -1.16035783e-07    0.00   21.20
    5  362977.96        1.55385900e+00       -4.30871230e-08    0.00   21.20
    6  362978.20        1.86551100e+00       -1.05995263e-07    0.00   21.20
    7  362978.49        2.20940600e+00       -6.83743330e-08    0.00   21.04
    8  362978.74        2.48635000e+00       -2.03410230e-08    0.00   21.04
    9  362978.99        2.77029700e+00       -8.34351030e-08    0.00   21.04
   10  362979.23        3.12151500e+00       -6.65149830e-08    0.00   21.04
   11  362979.54        3.43825700e+00       -1.04135913e-07    0.00   21.14
   12  362979.80        3.67343300e+00       -1.51797353e-07    0.00   21.14
   13  362980.05        3.98074400e+00       -7.53779030e-08    0.00   21.14
   14  362980.31        4.32783900e+00       -1.02648433e-07    0.00   21.14
   15  362980.63        4.63003400e+00       -1.18576893e-07    0.00   20.79
   16  362980.87        4.88341200e+00       -6.86222530e-08    0.00   20.79
   17  362981.11        5.18949300e+00       -1.07544733e-07    0.00   20.79
   18  362981.46        5.55549400e+00       -6.81264230e-08    0.00   21.25
   19  362981.72        5.79315600e+00       -1.12921630e-08    0.00   21.25
   20  362981.98        6.09598000e+00       -2.77164630e-08    0.00   21.25
   21  362982.22        6.43788500e+00       -5.70942530e-08    0.00   21.25
   22  362982.55        6.75643400e+00       -7.82911830e-08    0.00   20.84
   23  362982.80        7.04218300e+00       -1.31283063e-07    0.00   20.84
   24  362983.06        7.31366600e+00       -8.31877630e-08    0.00   20.84
   25  362983.45        7.68147400e+00       -7.17217530e-08    0.00   21.04
   26  362983.73        7.91479600e+00       -8.90137430e-08    0.00   21.04
   27  362983.97        8.21585800e+00       -1.35373643e-07    0.00   21.04
   28  362984.22        8.53090700e+00       -7.50685830e-08    0.00   21.04
   29  362984.51        8.87497900e+00       -3.34190530e-08    0.00   21.14
   30  362984.77        9.10640400e+00       -7.90352130e-08    0.00   21.14
   31  362985.01        9.41093200e+00       -3.71377630e-08    0.00   21.14
   32  362985.29        9.77508100e+00       -1.08289053e-07    0.00   21.14
   33  362985.60        1.00300900e+01       -1.13371283e-07    0.00   20.79
   34  362985.85        1.03234800e+01       -8.43033830e-08    0.00   20.79
   35  362986.11        1.06085900e+01       -1.31345043e-07    0.00   20.79
   36  362986.46        1.09568300e+01       -1.10582253e-07    0.00   21.24
   37  362986.73        1.12329200e+01       -5.33761230e-08    0.00   21.24
   38  362986.98        1.14931900e+01       -8.02128030e-08    0.00   21.24
   39  362987.23        1.17864000e+01       -1.10334343e-07    0.00   21.24
   40  362987.58        1.21142100e+01       -1.02277133e-07    0.00   20.84
   41  362987.82        1.23816300e+01       -1.30477343e-07    0.00   20.84
   42  362988.07        1.26873300e+01       -1.28370073e-07    0.00   20.84
   43  362988.31        1.30546500e+01       -8.77749630e-08    0.00   21.03
   44  362988.56        1.33039600e+01       -1.71632653e-07    0.00   21.03
   45  362988.81        1.36293900e+01       -1.19695093e-07    0.00   21.03
   46  362989.06        1.38859300e+01       -1.43928683e-07    0.00   21.03
   47  362989.45        1.42067200e+01       -1.20810703e-07    0.00   21.03
   48  362989.72        1.44775500e+01       -1.36429283e-07    0.00   21.14
   49  362989.96        1.47764500e+01       -8.26939230e-08    0.00   21.14
   50  362990.21        1.50870900e+01       -1.15666483e-07    0.00   21.14
   51  362990.45        1.53971300e+01       -6.09394730e-08    0.00   20.79
   52  362990.70        1.56719200e+01       -1.30727263e-07    0.00   20.79
   53  362990.95        1.59779600e+01       -1.34136073e-07    0.00   20.79
   54  362991.19        1.62634000e+01       -1.15790443e-07    0.00   20.79
   55  362991.48        1.66029100e+01       -1.62460253e-07    0.00   21.24
   56  362991.74        1.68839100e+01       -1.26884593e-07    0.00   21.24
   57  362991.98        1.71875400e+01       -1.57935823e-07    0.00   21.24
   58  362992.23        1.74995500e+01       -1.81363693e-07    0.00   21.24
   59  362992.49        1.78216400e+01       -9.21766330e-08    0.00   20.83
   60  362992.75        1.80983800e+01       -1.54650963e-07    0.00   20.83
   61  362993.00        1.83757700e+01       -1.13125373e-07    0.00   20.83
   62  362993.26        1.87278800e+01       -1.03208813e-07    0.00   20.83
   63  362993.60        1.90325500e+01       -1.29611643e-07    0.00   21.03
   64  362993.87        1.92909000e+01       -7.22815430e-08    0.00   21.03
   65  362994.11        1.95782400e+01       -9.57716430e-08    0.00   21.03
   66  362994.40        1.99427900e+01       -1.54961613e-07    0.00   21.13
   67  362994.73        2.02029500e+01       -1.13622463e-07    0.00   21.13
   68  362994.99        2.04746300e+01       -1.04573593e-07    0.00   21.13
   69  362995.23        2.08095100e+01       -1.74609313e-07    0.00   21.13
   70  362995.53        2.11228300e+01       -1.14676093e-07    0.00   20.78
   71  362995.80        2.13930100e+01       -8.99466730e-08    0.00   20.78
   72  362996.04        2.16829900e+01       -1.70208833e-07    0.00   20.78
   73  362996.36        2.20451100e+01       -1.30604573e-07    0.00   21.23
   74  362996.64        2.23293000e+01       -6.15605130e-08    0.00   21.23
   75  362996.89        2.25813500e+01       -1.20811963e-07    0.00   21.23
   76  362997.13        2.28870900e+01       -1.05441293e-07    0.00   21.23
   77  362997.42        2.32307800e+01       -1.67791673e-07    0.00   20.83
   78  362997.70        2.34973100e+01       -1.65560443e-07    0.00   20.83
   79  362997.95        2.37844500e+01       -1.22113513e-07    0.00   20.83
   80  362998.20        2.40912600e+01       -1.86075333e-07    0.00   20.83
   81  362998.52        2.44315900e+01       -1.61717783e-07    0.00   21.02
   82  362998.78        2.47063900e+01       -7.73030530e-08    0.00   21.02
   83  362999.02        2.49879300e+01       -1.21183833e-07    0.00   21.02
   84  362999.31        2.53536100e+01       -1.57317303e-07    0.00   21.13
   85  362999.69        2.55763300e+01       -1.43991923e-07    0.00   21.13
   86  362999.95        2.58861500e+01       -1.05813113e-07    0.00   21.13
   87  363000.19        2.61886800e+01       -1.80063123e-07    0.00   21.13
   88  363000.48        2.65260600e+01       -1.70022373e-07    0.00   20.78
   89  363000.75        2.67818700e+01       -2.20348863e-07    0.00   20.78
   90  363001.00        2.70752500e+01       -2.20906673e-07    0.00   20.78
   91  363001.26        2.74316800e+01       -1.74236863e-07    0.00   20.78
   92  363001.58        2.76472700e+01       -2.37268993e-07    0.00   21.24
   93  363001.87        2.79682700e+01       -2.30637293e-07    0.00   21.24
   94  363002.11        2.82835700e+01       -1.65621843e-07    0.00   21.24
   95  363002.46        2.86436800e+01       -1.81550323e-07    0.00   20.84
   96  363002.73        2.88822000e+01       -1.79567013e-07    0.00   20.84
   97  363002.97        2.91816800e+01       -1.45044983e-07    0.00   20.84
   98  363003.22        2.94987600e+01       -1.85702883e-07    0.00   20.84
   99  363003.55        2.98120000e+01       -2.30451363e-07    0.00   21.02
  100  363003.83        3.01026600e+01       -1.78451393e-07    0.00   21.02
  101  363004.08        3.03946400e+01       -1.41512213e-07    0.00   21.02
  102  363004.40        3.07438800e+01       -1.69030663e-07    0.00   21.14
  103  363004.72        3.10486400e+01       -1.36367993e-07    0.00   21.14
  104  363004.97        3.13017800e+01       -1.21307223e-07    0.00   21.14
  105  363005.21        3.16133500e+01       -1.82541973e-07    0.00   21.14
  106  363005.52        3.19341000e+01       -1.81116473e-07    0.00   20.78
  107  363005.77        3.22042800e+01       -1.27133193e-07    0.00   20.78
  108  363006.01        3.25055000e+01       -1.97042263e-07    0.00   20.78
  109  363006.30        3.28551900e+01       -1.97473493e-07    0.00   20.78
  110  363006.57        3.31423000e+01       -2.30630653e-07    0.00   21.24
  111  363006.83        3.34075100e+01       -2.13152733e-07    0.00   21.24
  112  363007.07        3.37210600e+01       -1.33200543e-07    0.00   21.24
  113  363007.49        3.40264000e+01       -2.07078843e-07    0.00   20.84
  114  363007.76        3.43093100e+01       -2.32118133e-07    0.00   20.84
  115  363008.01        3.46150400e+01       -1.85262433e-07    0.00   20.84
  116  363008.25        3.49319100e+01       -1.23903773e-07    0.00   20.84
  117  363008.54        3.52457500e+01       -1.54273213e-07    0.00   21.01
  118  363008.80        3.55165400e+01       -9.87405330e-08    0.00   21.01
  119  363009.04        3.58236500e+01       -1.35803633e-07    0.00   21.01
  120  363009.31        3.61627800e+01       -1.35679683e-07    0.00   21.01
  121  363009.59        3.64441200e+01       -7.40111330e-08    0.00   21.15
  122  363009.87        3.67422600e+01       -1.32952623e-07    0.00   21.15
  123  363010.11        3.70313600e+01       -1.07665423e-07    0.00   21.15
  124  363010.48        3.73642000e+01       -3.86214430e-08    0.00   20.78
  125  363010.74        3.76327200e+01       -1.66810730e-08    0.00   20.78
  126  363010.99        3.79366900e+01       -7.47548730e-08    0.00   20.78
  127  363011.24        3.82634100e+01        1.54857370e-08    0.00   20.78
  128  363011.50        3.85586100e+01        3.81698470e-08    0.00   21.24
  129  363011.76        3.88637600e+01        1.50660817e-07    0.00   21.24
  130  363012.00        3.91287500e+01        2.07743377e-07    0.00   21.24
  131  363012.26        3.94530500e+01        2.45984487e-07    0.00   21.24
  132  363012.61        3.97615300e+01        3.27238307e-07    0.00   20.86
  133  363012.86        4.00234100e+01        5.07843457e-07    0.00   20.86
  134  363013.10        4.02999800e+01        5.18503747e-07    0.00   20.86
  135  363013.47        4.06519200e+01        6.28205567e-07    0.00   21.00
  136  363013.73        4.09146000e+01        8.90746197e-07    0.00   21.00
  137  363013.98        4.12209900e+01        9.64748447e-07    0.00   21.00
  138  363014.22        4.15045800e+01        1.20249771e-06    0.00   21.00
  139  363014.47        4.18197800e+01        1.36072864e-06    0.00   21.16
  140  363014.73        4.21065200e+01        1.80505200e-06    0.00   21.16
  141  363014.98        4.23860600e+01        2.21094874e-06    0.00   21.16
  142  363015.23        4.27246000e+01        2.55846180e-06    0.00   21.16
  143  363015.51        4.30297700e+01        3.81048807e-06    0.00   20.78
  144  363015.78        4.33262800e+01        3.95880245e-06    0.00   20.78
  145  363016.02        4.35897700e+01        5.21764635e-06    0.00   20.78
  146  363016.31        4.39652200e+01        5.42217517e-06    0.00   20.78
  147  363016.59        4.42380800e+01        6.22603680e-06    0.00   21.24
  148  363016.87        4.45083000e+01        8.63130709e-06    0.00   21.24
  149  363017.12        4.47858200e+01        1.04162966e-05    0.00   21.24
  150  363017.42        4.51467200e+01        1.19078165e-05    0.00   20.87
  151  363017.69        4.54133800e+01        1.47472522e-05    0.00   20.87
  152  363017.94        4.57745500e+01        1.75834739e-05    0.00   20.87
  153  363018.19        4.60062600e+01        2.01607408e-05    0.00   20.87