# Ic = 38.77 A, n = 27.54 , Tavg = 0.00 K, Anneal265_00K___3600s
#idx    t_s     iHTS_A                vHTS_V                tHTS_K  tTAR_K
    0  383740.19        6.54518400e-02        3.06732350e-08    0.00   20.81
    1  383740.44        3.57519800e-01       -1.20300550e-08    0.00   20.81
    2  383740.68        6.91649600e-01        5.74480150e-08    0.00   20.81
    3  383740.97        9.79489300e-01        2.99294950e-08    0.00   21.16
    4  383741.21        1.24989700e+00       -6.26604500e-09    0.00   21.16
    5  383741.46        1.52854700e+00        7.28187250e-08    0.00   21.16
    6  383741.72        1.89151400e+00        5.12501550e-08    0.00   21.16
    7  383741.98        2.18808900e+00        4.65397750e-08    0.00   20.81
    8  383742.23        2.46305200e+00        5.51605000e-10    0.00   20.81
    9  383742.49        2.74523200e+00       -4.25235550e-08    0.00   20.81
   10  383742.73        3.09465500e+00        4.43705150e-08    0.00   20.81
   11  383743.04        3.35022100e+00        9.72445500e-09    0.00   21.27
   12  383743.31        3.64820900e+00       -1.64904350e-08    0.00   21.27
   13  383743.56        3.95547500e+00        5.24931750e-08    0.00   21.27
   14  383743.92        4.30193600e+00        4.79067650e-08    0.00   21.27
   15  383744.22        4.57816300e+00        4.21182500e-09    0.00   20.86
   16  383744.48        4.85341100e+00        3.48912450e-08    0.00   20.86
   17  383744.72        5.17225100e+00        4.30724250e-08    0.00   20.86
   18  383744.98        5.51534200e+00        2.66236500e-09    0.00   21.05
   19  383745.23        5.81680700e+00       -7.62609500e-09    0.00   21.05
   20  383745.48        6.07348000e+00       -5.56595250e-08    0.00   21.05
   21  383745.73        6.40551500e+00       -3.53550500e-09    0.00   21.05
   22  383746.04        6.72730200e+00        3.54490550e-08    0.00   21.16
   23  383746.29        6.98081500e+00       -4.24580850e-08    0.00   21.16
   24  383746.53        7.28818300e+00       -3.04342250e-08    0.00   21.16
   25  383746.87        7.65318900e+00        3.37756350e-08    0.00   21.16
   26  383747.14        7.91733000e+00       -5.89068500e-09    0.00   20.81
   27  383747.38        8.19155600e+00       -1.69848650e-08    0.00   20.81
   28  383747.63        8.49707500e+00       -3.37810750e-08    0.00   20.81
   29  383747.91        8.84717300e+00       -3.37810750e-08    0.00   21.27
   30  383748.16        9.11420000e+00        2.66236500e-09    0.00   21.27
   31  383748.40        9.40372000e+00        2.16653500e-09    0.00   21.27
   32  383748.64        9.69469100e+00       -1.61171650e-08    0.00   21.27
   33  383748.98        1.00092800e+01        1.90865650e-08    0.00   20.86
   34  383749.24        1.03371700e+01       -3.30381250e-08    0.00   20.86
   35  383749.48        1.05907900e+01       -3.60136250e-08    0.00   20.86
   36  383749.74        1.08919000e+01       -9.92061500e-09    0.00   20.86
   37  383750.04        1.12052200e+01       -5.03926750e-08    0.00   21.26
   38  383750.28        1.14705900e+01       -2.78324450e-08    0.00   21.26
   39  383750.52        1.17757300e+01        2.31139950e-08    0.00   21.26
   40  383750.80        1.21101700e+01       -2.16965650e-08    0.00   21.26
   41  383751.07        1.23937400e+01        2.80103050e-08    0.00   21.16
   42  383751.35        1.26814100e+01        1.71640450e-08    0.00   21.16
   43  383751.59        1.29745100e+01       -2.06429250e-08    0.00   21.16
   44  383751.85        1.33151100e+01       -6.60150000e-11    0.00   20.80
   45  383752.16        1.36082100e+01       -2.85142150e-08    0.00   20.80
   46  383752.41        1.38669600e+01       -2.75845350e-08    0.00   20.80
   47  383752.66        1.41384600e+01        6.93757500e-09    0.00   20.80
   48  383752.99        1.45003800e+01       -5.66525150e-08    0.00   21.26
   49  383753.24        1.47622400e+01       -9.26001250e-08    0.00   21.26
   50  383753.48        1.50607900e+01       -4.89671650e-08    0.00   21.26
   51  383753.73        1.53699500e+01       -8.61543450e-08    0.00   21.26
   52  383754.08        1.56450600e+01       -2.25642650e-08    0.00   20.86
   53  383754.36        1.59582400e+01       -5.08265250e-08    0.00   20.86
   54  383754.60        1.62414500e+01       -1.10078105e-07    0.00   20.86
   55  383754.94        1.65999200e+01       -2.91960450e-08    0.00   21.05
   56  383755.24        1.68767100e+01       -8.68366950e-08    0.00   21.05
   57  383755.48        1.71709900e+01       -5.33683650e-08    0.00   21.05
   58  383755.72        1.74774800e+01       -6.11776750e-08    0.00   21.05
   59  383756.00        1.77955100e+01       -3.24815650e-08    0.00   21.16
   60  383756.25        1.80725000e+01       -7.93993950e-08    0.00   21.16
   61  383756.50        1.83582800e+01       -5.37402450e-08    0.00   21.16
   62  383756.80        1.87203900e+01       -5.41121150e-08    0.00   21.16
   63  383757.11        1.90029800e+01       -1.04128875e-07    0.00   20.80
   64  383757.38        1.92799000e+01       -7.41312150e-08    0.00   20.80
   65  383757.62        1.95571800e+01       -5.11991150e-08    0.00   20.80
   66  383757.92        1.99094300e+01       -6.68177350e-08    0.00   21.25
   67  383758.17        2.01750700e+01       -4.40715750e-08    0.00   21.25
   68  383758.41        2.04496600e+01       -6.74994950e-08    0.00   21.25
   69  383758.66        2.07569700e+01       -9.14232550e-08    0.00   21.25
   70  383758.99        2.11157500e+01       -1.02517435e-07    0.00   20.86
   71  383759.24        2.13531300e+01       -1.19871455e-07    0.00   20.86
   72  383759.49        2.16567500e+01       -6.54542050e-08    0.00   20.86
   73  383759.76        2.20152900e+01       -5.02694350e-08    0.00   20.86
   74  383760.05        2.23195500e+01       -1.37721305e-07    0.00   21.04
   75  383760.30        2.25601000e+01       -1.03695025e-07    0.00   21.04
   76  383760.55        2.28618400e+01       -6.53922250e-08    0.00   21.04
   77  383760.85        2.32331700e+01       -1.33134435e-07    0.00   21.04
   78  383761.15        2.34992000e+01       -1.41810115e-07    0.00   21.16
   79  383761.40        2.37694600e+01       -1.02329295e-07    0.00   21.16
   80  383761.64        2.40741300e+01       -1.36913375e-07    0.00   21.16
   81  383761.99        2.44197700e+01       -7.99550150e-08    0.00   20.80
   82  383762.27        2.46646600e+01       -9.74329850e-08    0.00   20.80
   83  383762.52        2.49661800e+01       -1.44722675e-07    0.00   20.80
   84  383762.78        2.53180400e+01       -8.55330850e-08    0.00   20.80
   85  383763.15        2.55694700e+01       -5.57213650e-08    0.00   21.26
   86  383763.39        2.58616900e+01       -1.01647535e-07    0.00   21.26
   87  383763.64        2.61428300e+01       -1.45900275e-07    0.00   21.26
   88  383763.96        2.65207000e+01       -7.53685950e-08    0.00   20.85
   89  383764.23        2.67610700e+01       -1.12245875e-07    0.00   20.85
   90  383764.47        2.70523000e+01       -1.53151775e-07    0.00   20.85
   91  383764.71        2.73641200e+01       -9.83626650e-08    0.00   20.85
   92  383765.00        2.76772700e+01       -9.71850650e-08    0.00   21.04
   93  383765.24        2.79564700e+01       -8.36117450e-08    0.00   21.04
   94  383765.49        2.82660400e+01       -1.58543915e-07    0.00   21.04
   95  383765.73        2.86111000e+01       -1.58172045e-07    0.00   21.04
   96  383766.14        2.88886200e+01       -1.00779835e-07    0.00   21.15
   97  383766.39        2.91576800e+01       -1.13237535e-07    0.00   21.15
   98  383766.65        2.94490800e+01       -1.83521005e-07    0.00   21.15
   99  383766.99        2.97948200e+01       -9.17914750e-08    0.00   20.80
  100  383767.24        3.00681400e+01       -7.76588750e-08    0.00   20.80
  101  383767.49        3.03775600e+01       -1.48872295e-07    0.00   20.80
  102  383767.76        3.07438700e+01       -1.33873475e-07    0.00   20.80
  103  383768.04        3.10013000e+01       -9.79258750e-08    0.00   21.26
  104  383768.31        3.13350000e+01       -1.31952135e-07    0.00   21.26
  105  383768.56        3.15895700e+01       -1.36600525e-07    0.00   21.26
  106  383768.85        3.19174500e+01       -1.62073735e-07    0.00   21.26
  107  383769.18        3.22204800e+01       -1.83704275e-07    0.00   20.85
  108  383769.43        3.24953100e+01       -1.08524215e-07    0.00   20.85
  109  383769.67        3.28008400e+01       -1.62073735e-07    0.00   20.85
  110  383770.02        3.31147300e+01       -1.49120205e-07    0.00   21.04
  111  383770.26        3.33917300e+01       -1.18750695e-07    0.00   21.04
  112  383770.51        3.37025700e+01       -1.45711385e-07    0.00   21.04
  113  383770.95        3.40232100e+01       -1.51971225e-07    0.00   21.04
  114  383771.21        3.42886800e+01       -1.19990265e-07    0.00   21.15
  115  383771.45        3.46391900e+01       -7.13990350e-08    0.00   21.15
  116  383771.69        3.48985500e+01       -1.20362135e-07    0.00   21.15
  117  383772.00        3.52206500e+01       -9.37733150e-08    0.00   20.79
  118  383772.27        3.55211400e+01       -7.83406350e-08    0.00   20.79
  119  383772.52        3.58015500e+01       -1.29596945e-07    0.00   20.79
  120  383772.86        3.61340900e+01       -1.28541395e-07    0.00   21.25
  121  383773.15        3.64435900e+01       -1.45334695e-07    0.00   21.25
  122  383773.40        3.67145800e+01       -1.72543285e-07    0.00   21.25
  123  383773.65        3.70124300e+01       -7.34395450e-08    0.00   21.25
  124  383774.00        3.73253200e+01       -2.46004350e-08    0.00   20.85
  125  383774.29        3.76577500e+01       -1.85885150e-08    0.00   20.85
  126  383774.54        3.79238500e+01       -7.87077250e-08    0.00   20.85
  127  383774.87        3.82608000e+01        3.60765850e-08    0.00   21.04
  128  383775.13        3.85497100e+01        1.29292355e-07    0.00   21.04
  129  383775.38        3.88107000e+01        9.89848350e-08    0.00   21.04
  130  383775.64        3.91099600e+01        2.05030175e-07    0.00   21.04
  131  383775.88        3.94323700e+01        2.29325775e-07    0.00   21.15
  132  383776.13        3.97242400e+01        3.66112485e-07    0.00   21.15
  133  383776.39        4.00383100e+01        5.10026725e-07    0.00   21.15
  134  383776.63        4.02771000e+01        5.53907555e-07    0.00   21.15
  135  383777.02        4.06174100e+01        7.04949335e-07    0.00   20.80
  136  383777.28        4.08799900e+01        9.58999495e-07    0.00   20.80
  137  383777.53        4.11825300e+01        1.04775281e-06    0.00   20.80
  138  383777.80        4.15136800e+01        1.26350021e-06    0.00   20.80
  139  383778.10        4.18144600e+01        1.55256827e-06    0.00   21.26
  140  383778.34        4.20768100e+01        1.86754337e-06    0.00   21.26
  141  383778.59        4.23537700e+01        2.24883575e-06    0.00   21.26
  142  383778.96        4.27138900e+01        2.77088159e-06    0.00   20.86
  143  383779.21        4.29764300e+01        3.33308930e-06    0.00   20.86
  144  383779.45        4.32937000e+01        4.61393830e-06    0.00   20.86
  145  383779.69        4.35726000e+01        4.79795265e-06    0.00   20.86
  146  383780.04        4.39096500e+01        6.53824874e-06    0.00   21.04
  147  383780.28        4.41884000e+01        7.87958882e-06    0.00   21.04
  148  383780.52        4.44622600e+01        8.06174485e-06    0.00   21.04
  149  383780.80        4.48178600e+01        1.06737832e-05    0.00   21.04
  150  383781.06        4.51587000e+01        1.33264197e-05    0.00   21.16
  151  383781.31        4.53896900e+01        1.53197242e-05    0.00   21.16
  152  383781.56        4.56721900e+01        1.85257705e-05    0.00   21.16
  153  383781.88        4.60726700e+01        2.31387386e-05    0.00   20.80