# Ic = 0.02 A, n = 4.51 , Tavg = 73.26 K, icvt-73K
#datetime                        t_s     iHTS_A                vHTS_V                tHTS_K  tTAR_K
0202-10-28_18:14:55.023000      448.36        5.61003200e-02        1.51964621e-05  73.2182  72.5707
0202-10-28_18:14:55.227000      448.56        4.88622000e-03        2.40477505e-09  73.2182  72.5707
0202-10-28_18:14:55.430000      448.77        5.30325900e-03        3.52039105e-09  73.2182  72.5707
0202-10-28_18:14:55.625000      448.96        6.28426400e-03        1.73535050e-10  73.2182  72.5707
0202-10-28_18:14:55.830000      449.16        7.35728400e-03        3.33444605e-09  73.2182  72.5707
0202-10-28_18:14:56.035000      449.37        8.27076200e-03       -3.66915495e-09  73.1790  72.5682
0202-10-28_18:14:56.240000      449.57        9.34378300e-03       -3.85509095e-09  73.1790  72.5682
0202-10-28_18:14:56.430000      449.77        1.02832300e-02       -6.39622095e-09  73.1790  72.5682
0202-10-28_18:14:56.625000      449.96        1.13621900e-02       -6.94173950e-10  73.1790  72.5682
0202-10-28_18:14:56.840000      450.17        1.19944300e-02       -6.94173950e-10  73.1790  72.5682
0202-10-28_18:14:57.035000      450.37        1.33138100e-02        2.09487105e-09  73.2457  72.5704
0202-10-28_18:14:57.242000      450.58        1.41835100e-02       -3.42123995e-09  73.2457  72.5704
0202-10-28_18:14:57.434000      450.77        1.48439400e-02        1.28914705e-09  73.2457  72.5704
0202-10-28_18:14:57.630000      450.96        1.59605300e-02        5.56568205e-09  73.2457  72.5704
0202-10-28_18:14:57.836000      451.17        1.70543200e-02        9.84221705e-09  73.2457  72.5704
0202-10-28_18:14:58.027000      451.36        1.78928500e-02        4.75995805e-09  73.1900  72.5668
0202-10-28_18:14:58.223000      451.56        1.90653100e-02       -4.97070895e-09  73.1900  72.5668
0202-10-28_18:14:58.414000      451.75        2.00552200e-02       -7.13996595e-09  73.1900  72.5668
0202-10-28_18:14:58.610000      451.94        2.08462600e-02        2.97486050e-10  73.1900  72.5668
0202-10-28_18:14:58.830000      452.16        2.18717900e-02        7.30108705e-09  73.1900  72.5668
0202-10-28_18:14:59.020000      452.36        2.28706000e-02        1.87671830e-08  73.2692  72.5688
0202-10-28_18:14:59.223000      452.56        2.37138900e-02        3.49436950e-08  73.2692  72.5688
0202-10-28_18:14:59.418000      452.75        2.48492400e-02        9.28941400e-08  73.2692  72.5688
0202-10-28_18:14:59.610000      452.95        2.59341400e-02        1.56484732e-07  73.2692  72.5688
0202-10-28_18:14:59.836000      453.17        2.68335100e-02        2.80752917e-07  73.2692  72.5688
0202-10-28_18:15:00.035000      453.37        2.78887300e-02        3.94918501e-07  73.1738  72.5559
0202-10-28_18:15:00.230000      453.56        2.89246400e-02        5.87735620e-07  73.1738  72.5559
0202-10-28_18:15:00.420000      453.76        2.95910200e-02        7.56070977e-07  73.1738  72.5559
0202-10-28_18:15:00.617000      453.95        3.10142900e-02        9.70890691e-07  73.1738  72.5559
0202-10-28_18:15:00.832000      454.17        3.18599500e-02        1.31022650e-06  73.1738  72.5559
0202-10-28_18:15:01.023000      454.36        3.28780600e-02        1.58442224e-06  73.2350  72.5538
0202-10-28_18:15:01.215000      454.55        3.39303000e-02        1.87913307e-06  73.2350  72.5538
0202-10-28_18:15:01.414000      454.75        3.50285500e-02        2.31707720e-06  73.2350  72.5538
0202-10-28_18:15:01.610000      454.94        3.59130900e-02        2.67612195e-06  73.2350  72.5538
0202-10-28_18:15:01.832000      455.17        3.69282300e-02        3.05995829e-06  73.2350  72.5538
0202-10-28_18:15:02.023000      455.36        3.77474700e-02        3.57202973e-06  73.2016  72.5405
0202-10-28_18:15:02.215000      455.55        3.88190100e-02        3.98611220e-06  73.2016  72.5405
0202-10-28_18:15:02.410000      455.74        3.96398800e-02        4.42374672e-06  73.2016  72.5405
0202-10-28_18:15:02.613000      455.95        4.06936100e-02        5.04769046e-06  73.2016  72.5405
0202-10-28_18:15:02.816000      456.15        4.19981500e-02        5.51904163e-06  73.2016  72.5405
0202-10-28_18:15:03.008000      456.34        4.26585900e-02        5.98586831e-06  73.2295  72.5540
0202-10-28_18:15:03.203000      456.54        4.37687100e-02        6.63100890e-06  73.2295  72.5540
0202-10-28_18:15:03.395000      456.73        4.47541700e-02        8.02423739e-06  73.2295  72.5540
0202-10-28_18:15:03.590000      456.92        4.57618900e-02        8.07580402e-06  73.2295  72.5540
0202-10-28_18:15:03.805000      457.14        4.65187900e-02        8.44327818e-06  73.2295  72.5540
0202-10-28_18:15:04.023000      457.36        4.80694000e-02        9.84518373e-06  73.2086  72.5451
0202-10-28_18:15:04.215000      457.55        4.88619300e-02        9.91150138e-06  73.2086  72.5451
0202-10-28_18:15:04.420000      457.76        5.02733300e-02        1.02999865e-05  73.2086  72.5451
0202-10-28_18:15:04.613000      457.95        5.05805400e-02        1.16215051e-05  73.2086  72.5451
0202-10-28_18:15:04.836000      458.17        5.14398500e-02        1.17266217e-05  73.2086  72.5451
0202-10-28_18:15:05.030000      458.37        5.23911700e-02        1.21361797e-05  73.2281  72.5512
0202-10-28_18:15:05.234000      458.57        5.32193100e-02        1.35713680e-05  73.2281  72.5512
0202-10-28_18:15:05.438000      458.77        5.44548400e-02        1.37398892e-05  73.2281  72.5512
0202-10-28_18:15:05.637000      458.97        5.55530900e-02        1.50123823e-05  73.2281  72.5512
0202-10-28_18:15:05.844000      459.18        5.67181300e-02        1.51642931e-05  73.2281  72.5512
0202-10-28_18:15:06.040000      459.37        5.77035900e-02        1.63734436e-05  73.2000  72.5515
0202-10-28_18:15:06.242000      459.58        5.85970300e-02        1.65850403e-05  73.2000  72.5515
0202-10-28_18:15:06.434000      459.77        5.93672900e-02        1.79092860e-05  73.2000  72.5515
0202-10-28_18:15:06.630000      459.96        6.03215800e-02        1.79930817e-05  73.2000  72.5515
0202-10-28_18:15:06.848000      460.18        6.17270500e-02        1.93478211e-05  73.2000  72.5515
0202-10-28_18:15:07.050000      460.38        6.24901900e-02        1.94807663e-05  73.2584  72.5515
0202-10-28_18:15:07.254000      460.59        6.34385400e-02        2.09270435e-05  73.2584  72.5515