# Ic = 2.55 A, n = 17.00 , Tavg = 40.57 K, icvt-40K
#datetime                        t_s     iHTS_A                vHTS_V                tHTS_K  tTAR_K
0202-10-28_01:10:21.586000      24733.92        4.89976800e-02        1.15621454e-08  40.6104  40.0267
0202-10-28_01:10:21.777000      24734.11        4.65904300e-02        1.36694364e-08  40.6104  40.0267
0202-10-28_01:10:21.973000      24734.30        9.74304500e-02        1.62105814e-08  40.6104  40.0267
0202-10-28_01:10:22.176000      24734.51        1.45254700e-01        1.13762084e-08  40.6104  40.0267
0202-10-28_01:10:22.370000      24734.70        1.95277000e-01        1.18100624e-08  40.5821  40.0238
0202-10-28_01:10:22.566000      24734.90        2.46125900e-01        1.09423494e-08  40.5821  40.0238
0202-10-28_01:10:22.770000      24735.10        2.95671800e-01        1.36694304e-08  40.5821  40.0238
0202-10-28_01:10:22.965000      24735.30        3.43467900e-01        1.20579724e-08  40.5821  40.0238
0202-10-28_01:10:23.156000      24735.49        3.94527400e-01        1.24298484e-08  40.5821  40.0238
0202-10-28_01:10:23.363000      24735.70        4.44094100e-01        1.20579744e-08  40.5914  40.0273
0202-10-28_01:10:23.560000      24735.89        4.91259400e-01        1.49709934e-08  40.5914  40.0273
0202-10-28_01:10:23.750000      24736.08        5.43160600e-01        1.49709914e-08  40.5914  40.0273
0202-10-28_01:10:23.960000      24736.29        5.92740600e-01        2.04251564e-08  40.5914  40.0273
0202-10-28_01:10:24.152000      24736.49        6.40705900e-01        2.17886974e-08  40.5914  40.0273
0202-10-28_01:10:24.350000      24736.68        6.91648300e-01        2.75527564e-08  40.5914  40.0273
0202-10-28_01:10:24.560000      24736.89        7.41379700e-01        2.40819254e-08  40.5905  40.0283
0202-10-28_01:10:24.750000      24737.08        7.89175600e-01        2.23465094e-08  40.5905  40.0283
0202-10-28_01:10:24.945000      24737.28        8.40290200e-01        2.19746344e-08  40.5905  40.0283
0202-10-28_01:10:25.150000      24737.48        8.90018600e-01        2.01772414e-08  40.5905  40.0283
0202-10-28_01:10:25.348000      24737.68        9.37302700e-01        2.17267254e-08  40.5905  40.0283
0202-10-28_01:10:25.543000      24737.88        9.89291400e-01        2.06111054e-08  40.5941  40.0221
0202-10-28_01:10:25.750000      24738.08        1.03837100e+00        3.03418334e-08  40.5941  40.0221
0202-10-28_01:10:25.940000      24738.28        1.08594300e+00        3.04038124e-08  40.5941  40.0221
0202-10-28_01:10:26.137000      24738.47        1.13755900e+00        2.07970604e-08  40.5941  40.0221
0202-10-28_01:10:26.348000      24738.68        1.18814900e+00        1.59007064e-08  40.5745  40.0238
0202-10-28_01:10:26.543000      24738.88        1.23524300e+00        1.16861244e-08  40.5745  40.0238
0202-10-28_01:10:26.734000      24739.07        1.28639200e+00        1.94335014e-08  40.5745  40.0238
0202-10-28_01:10:26.940000      24739.28        1.33619900e+00        1.62105844e-08  40.5745  40.0238
0202-10-28_01:10:27.133000      24739.47        1.38373900e+00        2.37720414e-08  40.5745  40.0238
0202-10-28_01:10:27.332000      24739.66        1.43592600e+00        1.87517324e-08  40.5745  40.0238
0202-10-28_01:10:27.530000      24739.86        1.48517900e+00        1.99913154e-08  40.6044  40.0227
0202-10-28_01:10:27.723000      24740.06        1.53083800e+00        1.01986254e-08  40.6044  40.0227
0202-10-28_01:10:27.918000      24740.25        1.58385700e+00        9.14497640e-09  40.6044  40.0227
0202-10-28_01:10:28.117000      24740.45        1.63398300e+00        2.20331440e-09  40.6044  40.0227
0202-10-28_01:10:28.348000      24740.68        1.68270200e+00        4.12465740e-09  40.6044  40.0227
0202-10-28_01:10:28.540000      24740.87        1.73324900e+00       -1.01960860e-09  40.5846  40.0217
0202-10-28_01:10:28.742000      24741.08        1.78252100e+00        4.67890400e-10  40.5846  40.0217
0202-10-28_01:10:28.940000      24741.28        1.82952100e+00        1.58002400e-10  40.5846  40.0217
0202-10-28_01:10:29.137000      24741.47        1.88214600e+00        2.63717340e-09  40.5846  40.0217
0202-10-28_01:10:29.350000      24741.68        1.93255600e+00        5.36424940e-09  40.5846  40.0217
0202-10-28_01:10:29.543000      24741.88        1.97937700e+00        4.74446640e-09  40.5991  40.0238
0202-10-28_01:10:29.740000      24742.07        2.03061500e+00        4.18666440e-09  40.5991  40.0238
0202-10-28_01:10:29.934000      24742.27        2.08019200e+00        4.86843540e-09  40.5991  40.0238
0202-10-28_01:10:30.130000      24742.46        2.12620900e+00        2.01739240e-09  40.5991  40.0238
0202-10-28_01:10:30.332000      24742.66        2.18010200e+00        4.31060540e-09  40.5991  40.0238
0202-10-28_01:10:30.523000      24742.86        2.22943600e+00        7.59549640e-09  40.5765  40.0200
0202-10-28_01:10:30.720000      24743.05        2.27503800e+00        1.83178794e-08  40.5765  40.0200
0202-10-28_01:10:30.914000      24743.25        2.32816700e+00        2.23465204e-08  40.5765  40.0200
0202-10-28_01:10:31.117000      24743.45        2.37827000e+00        4.00725624e-08  40.5765  40.0200
0202-10-28_01:10:31.324000      24743.66        2.42662700e+00        6.34387084e-08  40.5765  40.0200
0202-10-28_01:10:31.516000      24743.85        2.47740000e+00        9.79611054e-08  40.6031  40.0230
0202-10-28_01:10:31.710000      24744.04        2.52710700e+00        1.58452772e-07  40.6031  40.0230
0202-10-28_01:10:31.902000      24744.24        2.57254000e+00        2.14729856e-07  40.6031  40.0230
0202-10-28_01:10:32.094000      24744.43        2.62612000e+00        2.99889231e-07  40.6031  40.0230
0202-10-28_01:10:32.312000      24744.64        2.67583600e+00        4.53101732e-07  40.6031  40.0230
0202-10-28_01:10:32.527000      24744.86        2.72622100e+00        6.00736108e-07  40.5680  40.0161
0202-10-28_01:10:32.727000      24745.06        2.77569300e+00        8.43818400e-07  40.5680  40.0161
0202-10-28_01:10:32.930000      24745.26        2.82269600e+00        1.07115798e-06  40.5680  40.0161
0202-10-28_01:10:33.133000      24745.47        2.87459500e+00        1.49652101e-06  40.5680  40.0161
0202-10-28_01:10:33.340000      24745.67        2.92457500e+00        1.90000538e-06  40.5989  40.0198
0202-10-28_01:10:33.543000      24745.88        2.97122700e+00        3.27941371e-06  40.5989  40.0198
0202-10-28_01:10:33.734000      24746.07        3.02334200e+00        4.51025797e-06  40.5989  40.0198
0202-10-28_01:10:33.938000      24746.27        3.07272600e+00        4.65411162e-06  40.5989  40.0198
0202-10-28_01:10:34.130000      24746.46        3.12083600e+00        7.14003396e-06  40.5989  40.0198
0202-10-28_01:10:34.324000      24746.66        3.17015700e+00        8.73971621e-06  40.5989  40.0198
0202-10-28_01:10:34.530000      24746.87        3.22209800e+00        1.05304182e-05  40.5734  40.0150
0202-10-28_01:10:34.742000      24747.07        3.27140700e+00        1.33515858e-05  40.5734  40.0150
0202-10-28_01:10:34.934000      24747.27        3.31917600e+00        1.65757418e-05  40.5734  40.0150
0202-10-28_01:10:35.130000      24747.46        3.37073300e+00        1.96536270e-05  40.5734  40.0150
0202-10-28_01:10:35.336000      24747.67        3.42126800e+00        2.43683818e-05  40.5734  40.0150