# Tc =  nan K, f37-pristine
#datetime                        t_s     iHTS_A                vHTS_V                tHTS_K  tTAR_K
0202-10-23_23:49:56.688000      15707.14        4.55874700e-03       -2.52870350e-08  81.5507  82.6859
0202-10-23_23:49:58.785000      15709.24        4.46576700e-03       -2.44813500e-09  81.6659  82.6908
0202-10-23_23:50:00.883000      15711.34        4.57722400e-03       -2.50701200e-08  81.7155  82.6903
0202-10-23_23:50:02.970000      15713.42        4.37864800e-03       -1.98330650e-08  81.7623  82.7002
0202-10-23_23:50:05.066000      15715.52        4.50887800e-03        1.17758500e-09  81.8125  82.6981
0202-10-23_23:50:07.140000      15717.59        4.64816300e-03       -5.54703500e-09  81.8912  82.7062
0202-10-23_23:50:09.215000      15719.67        4.46902900e-03       -2.20106500e-09  81.9500  82.7268
0202-10-23_23:50:11.330000      15721.78        4.49232800e-03        1.28914200e-08  82.0057  82.7220
0202-10-23_23:50:13.426000      15723.88        4.61832900e-03       -1.97090000e-08  82.0325  82.7304
0202-10-23_23:50:15.516000      15725.97        4.48520200e-03       -4.36317800e-08  82.1235  82.7355
0202-10-23_23:50:17.605000      15728.06        4.25330800e-03       -1.75397800e-08  82.1089  82.7532
0202-10-23_23:50:19.703000      15730.16        4.35482400e-03        1.34492300e-08  82.2191  82.7553
0202-10-23_23:50:21.850000      15732.30        4.66493000e-03        3.90151600e-08  82.2688  82.7651
0202-10-23_23:50:23.940000      15734.39        4.75924700e-03       -1.98329500e-09  82.2454  82.7626
0202-10-23_23:50:26.016000      15736.47        4.88680800e-03       -1.95850500e-08  82.3115  82.7564
0202-10-23_23:50:28.105000      15738.56        4.54605700e-03       -2.10415400e-08  82.3972  82.7619
0202-10-23_23:50:30.207000      15740.66        4.86796500e-03       -9.26571500e-09  82.4577  82.7680
0202-10-23_23:50:32.367000      15742.82        4.17035200e-03        2.49774500e-08  82.4420  82.7591
0202-10-23_23:50:34.457000      15744.91        4.52565100e-03       -1.58044000e-09  82.5568  82.7680
0202-10-23_23:50:36.543000      15746.99        4.26778400e-03       -4.23929850e-08  82.5635  82.7475
0202-10-23_23:50:38.633000      15749.08        4.45931200e-03       -3.90460200e-08  82.5608  82.7599
0202-10-23_23:50:40.710000      15751.16        4.35074800e-03       -8.61495000e-09  82.5683  82.7638
0202-10-23_23:50:42.836000      15753.29        4.54167900e-03        5.02022500e-09  82.6352  82.7772
0202-10-23_23:50:44.934000      15755.39        4.64274500e-03       -1.38829350e-08  82.6626  82.7806
0202-10-23_23:50:47.010000      15757.46        4.48268100e-03       -2.20951900e-08  82.6833  82.7711
0202-10-23_23:50:49.090000      15759.54        4.23179200e-03       -2.95325650e-08  82.7776  82.7692
0202-10-23_23:50:51.164000      15761.62        4.47875100e-03        1.28604450e-08  82.7397  82.7595
0202-10-23_23:50:53.312000      15763.76        4.10779600e-03        6.44572000e-09  82.7922  82.7697
0202-10-23_23:50:55.400000      15765.85        4.10200700e-03       -4.62975150e-08  82.7581  82.7521
0202-10-23_23:50:57.477000      15767.93        4.27490600e-03        1.31083600e-08  82.8366  82.7668
0202-10-23_23:50:59.562000      15770.01        4.01006400e-03        3.70628800e-08  82.8482  82.7767
0202-10-23_23:51:01.652000      15772.10        4.24514900e-03       -1.67960400e-08  82.9398  82.7530
0202-10-23_23:51:03.727000      15774.18        4.16441400e-03       -5.40758650e-08  82.8599  82.7529
0202-10-23_23:51:05.836000      15776.29        4.46650600e-03       -4.18352000e-09  82.9296  82.7611
0202-10-23_23:51:07.914000      15778.37        4.30161900e-03        9.42064500e-09  82.9198  82.7545
0202-10-23_23:51:10             15780.45        4.57974300e-03       -1.37901200e-08  82.9874  82.7662
0202-10-23_23:51:12.086000      15782.54        4.56542100e-03       -1.16208850e-08  82.9621  82.7610
0202-10-23_23:51:14.170000      15784.62        4.30421400e-03        8.18111000e-09  83.0453  82.7588
0202-10-23_23:51:16.336000      15786.79        4.09258000e-03        4.05956500e-08  83.0266  82.7515
0202-10-23_23:51:18.418000      15788.87        3.99232800e-03        1.32634950e-08  83.0717  82.7431
0202-10-23_23:51:20.492000      15790.95        4.29790700e-03       -2.84169650e-08  83.0365  82.7601
0202-10-23_23:51:22.594000      15793.05        4.06534600e-03       -2.64336650e-08  83.0655  82.7570
0202-10-23_23:51:24.680000      15795.13        4.36031600e-03        1.26118400e-08  83.0773  82.7549
0202-10-23_23:51:26.816000      15797.27        4.26169700e-03        5.32701550e-08  83.1023  82.7690
0202-10-23_23:51:28.895000      15799.35        4.31645900e-03        4.80330000e-09  83.0916  82.7750
0202-10-23_23:51:30.980000      15801.43        4.07536500e-03       -2.23740200e-08  83.1385  82.7625
0202-10-23_23:51:33.074000      15803.52        4.22904700e-03       -9.66858000e-09  83.2086  82.7618
0202-10-23_23:51:35.150000      15805.60        4.12701300e-03        9.42067000e-09  83.1593  82.7592
0202-10-23_23:51:37.266000      15807.72        4.38436000e-03        3.86123350e-08  83.1471  82.7544
0202-10-23_23:51:39.375000      15809.83        4.28373700e-03        4.57398100e-08  83.2088  82.7533
0202-10-23_23:51:41.460000      15811.91        4.27542700e-03       -3.83954700e-08  83.2277  82.7530
0202-10-23_23:51:43.540000      15813.99        4.50583500e-03       -1.24266000e-08  83.1859  82.7610
0202-10-23_23:51:45.633000      15816.08        4.64304400e-03       -2.33967100e-08  83.2305  82.7587
0202-10-23_23:51:47.710000      15818.16        4.16285700e-03       -1.39421000e-09  83.2503  82.7701
0202-10-23_23:51:49.832000      15820.28        4.42272700e-03        1.85934000e-09  83.2542  82.7716
0202-10-23_23:51:51.940000      15822.39        4.14311800e-03       -1.41310000e-08  83.2386  82.7662
0202-10-23_23:51:54.020000      15824.47        4.13198900e-03       -6.01161000e-09  83.2980  82.7852
0202-10-23_23:51:56.105000      15826.56        3.96458100e-03       -4.23620150e-08  83.2282  82.7841
0202-10-23_23:51:58.203000      15828.65        4.08019300e-03       -1.19617700e-08  83.2845  82.7846
0202-10-23_23:52:00.336000      15830.79        4.20174100e-03       -3.87362500e-09  83.2819  82.7917
0202-10-23_23:52:02.434000      15832.89        4.00717300e-03        1.66101150e-08  83.2995  82.7841
0202-10-23_23:52:04.510000      15834.96        3.97377900e-03       -4.64835000e-09  83.3501  82.7934
0202-10-23_23:52:06.594000      15837.04        4.34629300e-03        2.36136250e-08  83.3501  82.7973
0202-10-23_23:52:08.695000      15839.14        4.10000400e-03        1.26125250e-08  83.3423  82.7936
0202-10-23_23:52:10.812000      15841.26        4.13080100e-03       -3.56360000e-09  83.3549  82.7946
0202-10-23_23:52:12.890000      15843.34        4.26837800e-03       -1.96160450e-08  83.4182  82.8136
0202-10-23_23:52:14.970000      15845.42        4.28566900e-03       -5.67099000e-09  83.4018  82.8007
0202-10-23_23:52:17.070000      15847.52        4.08724300e-03       -4.80400500e-09  83.3633  82.8179
0202-10-23_23:52:19.156000      15849.61        4.26496900e-03        4.51199750e-08  83.3585  82.8161
0202-10-23_23:52:21.277000      15851.73        4.23951500e-03        1.10940600e-08  83.3850  82.8107
0202-10-23_23:52:23.380000      15853.83        4.34429500e-03        1.81905700e-08  83.3636  82.8169
0202-10-23_23:52:25.480000      15855.93        4.64468200e-03        2.53489950e-08  83.4354  82.8314
0202-10-23_23:52:27.560000      15858.01        4.39304700e-03       -1.65171350e-08  83.4421  82.8276
0202-10-23_23:52:29.637000      15860.09        4.47741800e-03       -8.05713500e-09  83.4277  82.8384
0202-10-23_23:52:31.723000      15862.17        4.15684800e-03       -4.22689750e-08  83.4702  82.8524
0202-10-23_23:52:33.855000      15864.30        3.98595100e-03        1.74462400e-08  83.4731  82.8444
0202-10-23_23:52:35.930000      15866.38        4.10957800e-03        1.49366800e-08  83.4263  82.8546
0202-10-23_23:52:38.027000      15868.48        4.46858800e-03        2.04217250e-08  83.4310  82.8622
0202-10-23_23:52:40.105000      15870.56        4.77995700e-03        2.18161000e-08  83.4084  82.8642
0202-10-23_23:52:42.184000      15872.64        4.70582700e-03       -2.83858900e-08  83.4671  82.8696
0202-10-23_23:52:44.312000      15874.76        4.52253800e-03       -6.07383650e-08  83.4557  82.8819
0202-10-23_23:52:46.390000      15876.84        4.07611400e-03       -2.58446450e-08  83.4710  82.8955
0202-10-23_23:52:48.477000      15878.93        4.03989800e-03       -1.51845950e-08  83.4844  82.9067
0202-10-23_23:52:50.562000      15881.01        4.28106800e-03        4.52439000e-09  83.4938  82.9187
0202-10-23_23:52:52.650000      15883.10        4.18497100e-03       -3.62571500e-09  83.4844  82.9208
0202-10-23_23:52:54.750000      15885.20        3.94023800e-03        1.22406550e-08  83.5036  82.9301
0202-10-23_23:52:56.830000      15887.28        4.22400300e-03       -2.54726850e-08  83.4953  82.9328
0202-10-23_23:52:58.906000      15889.36        4.23646800e-03       -1.21167100e-08  83.5566  82.9427
0202-10-23_23:53:01.004000      15891.45        4.16560100e-03       -5.06050750e-08  83.6000  82.9557
0202-10-23_23:53:03.090000      15893.54        4.12634500e-03       -3.06171550e-08  83.5515  82.9548
0202-10-23_23:53:05.188000      15895.64        4.49218300e-03        9.29670500e-09  83.5554  82.9666
0202-10-23_23:53:07.340000      15897.79        4.53871200e-03        2.65266050e-08  83.5680  82.9665
0202-10-23_23:53:09.418000      15899.87        4.23810300e-03       -1.26737050e-08  83.6196  82.9677
0202-10-23_23:53:11.496000      15901.95        4.58887600e-03        4.18352500e-09  83.5857  82.9778
0202-10-23_23:53:13.580000      15904.03        4.99760300e-03       -1.05982500e-08  83.6020  82.9951
0202-10-23_23:53:15.670000      15906.12        4.94143000e-03       -4.16802700e-08  83.5897  82.9936
0202-10-23_23:53:17.797000      15908.25        4.67169100e-03       -8.92484500e-09  83.5901  83.0061
0202-10-23_23:53:19.906000      15910.36        4.59139900e-03        1.74777750e-08  83.6022  83.0141
0202-10-23_23:53:22.004000      15912.46        4.41144800e-03        3.21356350e-08  83.5863  83.0315
0202-10-23_23:53:24.082000      15914.53        4.21643400e-03       -5.88795000e-10  83.6019  83.0542
0202-10-23_23:53:26.160000      15916.61        4.27579800e-03        1.01954300e-08  83.5983  83.0572
0202-10-23_23:53:28.280000      15918.73        4.46205600e-03       -6.81759000e-09  83.6072  83.0536
0202-10-23_23:53:30.363000      15920.81        4.24069900e-03       -8.92484000e-09  83.5814  83.0656
0202-10-23_23:53:32.450000      15922.90        4.08553500e-03       -9.26700000e-09  83.6933  83.0756
0202-10-23_23:53:34.535000      15924.99        4.06683600e-03        8.13151550e-08  83.6649  83.0865
0202-10-23_23:53:36.613000      15927.06        4.30934100e-03        2.70534000e-08  83.7088  83.1005
0202-10-23_23:53:38.688000      15929.14        4.54145800e-03       -1.58973050e-08  83.6771  83.1010
0202-10-23_23:53:40.793000      15931.25        4.63970900e-03        5.85692500e-09  83.7075  83.1091
0202-10-23_23:53:42.890000      15933.34        3.99174200e-03       -2.25290150e-08  83.7267  83.1134
0202-10-23_23:53:44.990000      15935.44        4.12739000e-03        1.14349400e-08  83.7164  83.1256
0202-10-23_23:53:47.090000      15937.54        4.38637000e-03        7.28861150e-08  83.7672  83.1417
0202-10-23_23:53:49.184000      15939.63        3.91256300e-03        3.17944700e-08  83.7291  83.1354
0202-10-23_23:53:51.355000      15941.81        4.61611000e-03       -1.73538500e-09  83.7098  83.1532
0202-10-23_23:53:53.430000      15943.88        4.11774200e-03        4.09055000e-09  83.6905  83.1627
0202-10-23_23:53:55.530000      15945.98        4.23454200e-03       -2.03596900e-08  83.7121  83.1742
0202-10-23_23:53:57.610000      15948.06        4.72608400e-03        4.67934000e-09  83.7410  83.1856
0202-10-23_23:53:59.707000      15950.16        4.31780000e-03        2.02977850e-08  83.7802  83.2018
0202-10-23_23:54:01.867000      15952.32        4.10215700e-03        3.05241350e-08  83.7868  83.2181
0202-10-23_23:54:03.977000      15954.43        3.88154200e-03       -2.33347050e-08  83.7928  83.2308
0202-10-23_23:54:06.086000      15956.54        4.14549400e-03       -1.45028450e-08  83.7581  83.2336
0202-10-23_23:54:08.164000      15958.62        4.31119600e-03       -1.75397800e-08  83.7541  83.2463
0202-10-23_23:54:10.254000      15960.70        4.35126900e-03       -5.39828600e-08  83.7991  83.2567
0202-10-23_23:54:12.355000      15962.81        4.38614500e-03       -7.43255000e-10  83.8462  83.2575
0202-10-23_23:54:14.440000      15964.89        4.54516900e-03       -6.19780000e-10  83.8622  83.2766
0202-10-23_23:54:16.523000      15966.97        4.45649200e-03        3.54824400e-08  83.8569  83.2900
0202-10-23_23:54:18.598000      15969.05        4.53314800e-03       -7.28153500e-09  83.9078  83.3039
0202-10-23_23:54:20.676000      15971.13        3.95077700e-03       -2.46672850e-08  83.8676  83.2940
0202-10-23_23:54:22.805000      15973.26        4.35846300e-03       -8.67693500e-09  83.9211  83.3158
0202-10-23_23:54:24.914000      15975.36        3.98825000e-03       -5.23744500e-09  83.9395  83.3241
0202-10-23_23:54:27.010000      15977.46        3.92205800e-03       -3.30653050e-08  83.9029  83.3325
0202-10-23_23:54:29.100000      15979.55        4.03121500e-03       -1.18688000e-08  83.8735  83.3354
0202-10-23_23:54:31.207000      15981.66        4.18430200e-03        1.29224300e-08  83.9083  83.3397
0202-10-23_23:54:33.355000      15983.81        4.19773300e-03        6.50769500e-09  83.9219  83.3640
0202-10-23_23:54:35.440000      15985.89        4.45834500e-03       -1.39761500e-08  83.9479  83.3710
0202-10-23_23:54:37.527000      15987.98        4.16137400e-03       -1.02573650e-08  83.9943  83.3847
0202-10-23_23:54:39.630000      15990.08        4.21844000e-03       -1.01024200e-08  83.9530  83.3826
0202-10-23_23:54:41.703000      15992.16        4.39950500e-03       -7.71667500e-09  83.9416  83.4068
0202-10-23_23:54:43.855000      15994.31        4.21198600e-03        5.51914450e-08  83.9532  83.4204
0202-10-23_23:54:45.953000      15996.41        4.24196500e-03        2.55349500e-08  83.9732  83.4216
0202-10-23_23:54:48.030000      15998.48        4.26734500e-03        2.26198000e-09  83.9684  83.4373
0202-10-23_23:54:50.130000      16000.58        4.56060800e-03        2.73942850e-08  83.9945  83.4442
0202-10-23_23:54:52.203000      16002.66        4.18482600e-03       -5.70197500e-09  84.0026  83.4570
0202-10-23_23:54:54.297000      16004.75        4.36640900e-03       -1.58663700e-08  83.9984  83.4740
0202-10-23_23:54:56.402000      16006.85        4.00413500e-03       -3.74966900e-08  84.0223  83.4786
0202-10-23_23:54:58.490000      16008.94        4.22126200e-03       -1.27673950e-08  84.0190  83.4936
0202-10-23_23:55:00.582000      16011.03        4.09518500e-03       -4.98303300e-08  83.9961  83.5000
0202-10-23_23:55:02.660000      16013.11        3.89712900e-03       -2.49151650e-08  84.0448  83.5216
0202-10-23_23:55:04.746000      16015.20        3.94224700e-03       -5.57859000e-09  84.0877  83.5236
0202-10-23_23:55:06.836000      16017.29        4.21376800e-03        4.09055000e-09  84.0893  83.5434
0202-10-23_23:55:08.934000      16019.38        4.29725200e-03        1.63002100e-08  84.0911  83.5588
0202-10-23_23:55:11.023000      16021.47        4.38778400e-03       -1.49679100e-08  84.0870  83.5643
0202-10-23_23:55:13.110000      16023.56        3.76942300e-03       -3.82404200e-08  84.0932  83.5701
0202-10-23_23:55:15.210000      16025.66        4.47749800e-03       -2.60927300e-08  84.1492  83.5825
0202-10-23_23:55:17.336000      16027.79        4.47423400e-03        1.33872450e-08  84.1848  83.5925
0202-10-23_23:55:19.420000      16029.87        4.34704500e-03        3.56373500e-09  84.1938  83.5995
0202-10-23_23:55:21.508000      16031.96        3.85238600e-03        9.11076500e-09  84.1410  83.6041
0202-10-23_23:55:23.594000      16034.05        3.95278700e-03       -9.38966500e-09  84.1577  83.6146
0202-10-23_23:55:25.690000      16036.14        4.35491100e-03       -3.54513950e-08  84.2234  83.6325
0202-10-23_23:55:27.810000      16038.26        4.00131800e-03       -2.99665550e-08  84.2416  83.6371
0202-10-23_23:55:29.895000      16040.34        4.18757400e-03       -9.73053500e-09  84.1777  83.6519
0202-10-23_23:55:31.990000      16042.44        4.18638500e-03        4.25788500e-08  84.2238  83.6566
0202-10-23_23:55:34.080000      16044.53        3.95886800e-03        3.10017000e-09  84.2112  83.6762
0202-10-23_23:55:36.164000      16046.61        3.96235500e-03       -1.09391150e-08  84.2048  83.6979
0202-10-23_23:55:38.273000      16048.73        4.50932700e-03       -2.53799950e-08  84.1863  83.6935
0202-10-23_23:55:40.383000      16050.83        4.10334400e-03        9.51360000e-09  84.2897  83.7130
0202-10-23_23:55:42.480000      16052.93        3.94098100e-03        3.01523000e-08  84.2823  83.7152
0202-10-23_23:55:44.566000      16055.02        3.92265000e-03       -2.58448250e-08  84.3460  83.7299
0202-10-23_23:55:46.640000      16057.09        3.77883900e-03       -3.09890050e-08  84.3286  83.7449
0202-10-23_23:55:48.730000      16059.18        4.14252300e-03        1.67340600e-08  84.2697  83.7434
0202-10-23_23:55:50.875000      16061.33        3.64089000e-03       -1.32314650e-08  84.3096  83.7651
0202-10-23_23:55:52.953000      16063.40        3.97081000e-03       -3.69389300e-08  84.3322  83.7740
0202-10-23_23:55:55.055000      16065.51        4.20055400e-03        3.49556300e-08  84.3326  83.7815
0202-10-23_23:55:57.130000      16067.58        3.90514100e-03       -2.07015950e-08  84.3879  83.7888
0202-10-23_23:55:59.207000      16069.66        4.18608400e-03       -3.67839600e-08  84.3605  83.8043
0202-10-23_23:56:01.324000      16071.77        4.04553700e-03        4.42523100e-08  84.3652  83.8131
0202-10-23_23:56:03.402000      16073.85        4.12783200e-03       -2.31175550e-08  84.3915  83.8179
0202-10-23_23:56:05.490000      16075.94        4.27023400e-03        1.05363000e-09  84.3787  83.8370
0202-10-23_23:56:07.580000      16078.03        3.81943200e-03        7.93009150e-08  84.3610  83.8595
0202-10-23_23:56:09.664000      16080.11        4.26585700e-03        1.73538600e-08  84.4438  83.8604
0202-10-23_23:56:11.766000      16082.22        3.96888200e-03        7.06240150e-08  84.4528  83.8511
0202-10-23_23:56:13.850000      16084.30        4.19914200e-03        1.07253005e-07  84.4241  83.8705
0202-10-23_23:56:15.950000      16086.40        4.21576300e-03        2.94705700e-08  84.4403  83.8830
0202-10-23_23:56:18.023000      16088.48        4.09577400e-03        1.66318140e-07  84.4337  83.8890
0202-10-23_23:56:20.130000      16090.58        4.36788900e-03        1.48314350e-07  84.4701  83.9046
0202-10-23_23:56:22.227000      16092.68        3.97853000e-03        2.28172385e-07  84.4955  83.9283
0202-10-23_23:56:24.320000      16094.77        3.66486200e-03        3.31303950e-07  84.5203  83.9257
0202-10-23_23:56:26.395000      16096.85        4.27973300e-03        2.91451815e-07  84.5008  83.9402
0202-10-23_23:56:28.473000      16098.92        4.51600300e-03        3.89067475e-07  84.4993  83.9639
0202-10-23_23:56:30.570000      16101.02        3.93318900e-03        5.12868715e-07  84.4479  83.9618
0202-10-23_23:56:32.656000      16103.11        4.05637300e-03        4.69143100e-07  84.5326  83.9662
0202-10-23_23:56:34.734000      16105.19        3.72185100e-03        5.57120990e-07  84.5578  83.9772
0202-10-23_23:56:36.848000      16107.30        3.89623400e-03        6.62390765e-07  84.5479  83.9945
0202-10-23_23:56:38.930000      16109.38        3.94780700e-03        6.58919465e-07  84.5171  84.0064
0202-10-23_23:56:41.030000      16111.48        3.89638200e-03        7.57743435e-07  84.5989  84.0216
0202-10-23_23:56:43.110000      16113.56        4.37745800e-03        8.70574045e-07  84.6210  84.0156
0202-10-23_23:56:45.184000      16115.64        4.34414200e-03        8.42808045e-07  84.5687  84.0298
0202-10-23_23:56:47.310000      16117.76        3.98669200e-03        9.09124520e-07  84.5966  84.0539
0202-10-23_23:56:49.414000      16119.86        3.69075600e-03        1.03351492e-06  84.6149  84.0619
0202-10-23_23:56:51.490000      16121.94        3.66983000e-03        1.05681845e-06  84.6472  84.0703
0202-10-23_23:56:53.566000      16124.02        4.13985000e-03        1.08941889e-06  84.6228  84.0646
0202-10-23_23:56:55.645000      16126.09        3.88220500e-03        1.16645763e-06  84.6491  84.0889
0202-10-23_23:56:57.730000      16128.18        3.76518300e-03        1.23141061e-06  84.6635  84.1137
0202-10-23_23:56:59.848000      16130.30        4.08545700e-03        1.22471698e-06  84.7174  84.1146
0202-10-23_23:57:01.934000      16132.39        4.03633200e-03        1.30243814e-06  84.6722  84.1073
0202-10-23_23:57:04.008000      16134.46        4.05384500e-03        1.41396768e-06  84.6611  84.1199
0202-10-23_23:57:06.100000      16136.55        4.28559300e-03        1.34461492e-06  84.6837  84.1408
0202-10-23_23:57:08.176000      16138.63        4.07069200e-03        1.37935397e-06  84.6562  84.1530
0202-10-23_23:57:10.312000      16140.77        4.15640000e-03        1.48394204e-06  84.7807  84.1620
0202-10-23_23:57:12.395000      16142.85        4.22229600e-03        1.45183622e-06  84.7655  84.1647
0202-10-23_23:57:14.484000      16144.94        3.91233800e-03        1.43513345e-06  84.7188  84.1895
0202-10-23_23:57:16.570000      16147.02        3.93148400e-03        1.53795508e-06  84.7306  84.2092
0202-10-23_23:57:18.668000      16149.12        4.02758100e-03        1.54861455e-06  84.8377  84.2151
0202-10-23_23:57:20.840000      16151.29        3.88117300e-03        1.52797597e-06  84.7996  84.2117
0202-10-23_23:57:22.926000      16153.38        3.72786200e-03        1.61954854e-06  84.7600  84.1922
0202-10-23_23:57:25             16155.45        3.73691600e-03        1.62503289e-06  84.7963  84.2121
0202-10-23_23:57:27.090000      16157.54        4.51140600e-03        1.58016080e-06  84.8408  84.2321
0202-10-23_23:57:29.168000      16159.62        4.33761600e-03        1.63996906e-06  84.8534  84.2515
0202-10-23_23:57:31.320000      16161.77        4.00123900e-03        1.70433265e-06  84.7797  84.2352
0202-10-23_23:57:33.402000      16163.85        3.87909600e-03        1.64012345e-06  84.7771  84.2836
0202-10-23_23:57:35.477000      16165.93        3.74292800e-03        1.67873526e-06  84.8736  84.3178
0202-10-23_23:57:37.562000      16168.01        3.94706800e-03        1.74034144e-06  84.9024  84.3119
0202-10-23_23:57:39.652000      16170.10        4.30362900e-03        1.66221821e-06  84.8203  84.3259
0202-10-23_23:57:41.730000      16172.18        4.03967800e-03        1.67086506e-06  84.9280  84.3125
0202-10-23_23:57:43.844000      16174.30        4.17814700e-03        1.76138382e-06  84.8793  84.3421
0202-10-23_23:57:45.920000      16176.37        4.30555800e-03        1.70826867e-06  84.9084  84.3635
0202-10-23_23:57:47.996000      16178.45        4.02839800e-03        1.70132820e-06  84.9573  84.3601
0202-10-23_23:57:50.086000      16180.54        4.35097300e-03        1.74006448e-06  84.9208  84.3393
0202-10-23_23:57:52.164000      16182.62        4.26615400e-03        1.75692260e-06  84.9488  84.3671
0202-10-23_23:57:54.312000      16184.76        4.43274700e-03        1.70111205e-06  84.9052  84.3939
0202-10-23_23:57:56.402000      16186.85        4.25561700e-03        1.73516900e-06  85.0016  84.4031
0202-10-23_23:57:58.480000      16188.93        4.17755200e-03        1.78847084e-06  85.0437  84.3778
0202-10-23_23:58:00.555000      16191.01        4.34176900e-03        1.76578676e-06  84.9255  84.3873
0202-10-23_23:58:02.652000      16193.10        4.39438200e-03        1.72509815e-06  84.9999  84.4141
0202-10-23_23:58:04.734000      16195.19        4.48580400e-03        1.73904281e-06  84.9516  84.4094
0202-10-23_23:58:06.883000      16197.33        4.11855800e-03        1.80452271e-06  85.0618  84.4164
0202-10-23_23:58:08.965000      16199.42        4.17309900e-03        1.74586046e-06  85.0731  84.4446
0202-10-23_23:58:11.040000      16201.49        3.96072000e-03        1.75714079e-06  85.0506  84.4451
0202-10-23_23:58:13.125000      16203.58        4.29739200e-03        1.82364327e-06  85.0231  84.4582
0202-10-23_23:58:15.203000      16205.66        4.39942500e-03        1.76054957e-06  85.0337  84.4544
0202-10-23_23:58:17.293000      16207.74        4.18089100e-03        1.75335987e-06  85.0612  84.4658
0202-10-23_23:58:19.383000      16209.83        4.01830700e-03        1.73582007e-06  85.1255  84.5334
0202-10-23_23:58:21.470000      16211.92        4.04309100e-03        1.82277611e-06  85.1204  84.5368
0202-10-23_23:58:23.560000      16214.01        4.17762600e-03        1.79541296e-06  85.0497  84.5506
0202-10-23_23:58:25.637000      16216.09        3.98647000e-03        1.75308191e-06  85.1208  84.5592
0202-10-23_23:58:27.734000      16218.19        4.04145800e-03        1.77917406e-06  85.0904  84.5554
0202-10-23_23:58:29.883000      16220.33        4.30073400e-03        1.78667349e-06  85.1317  84.5853
0202-10-23_23:58:31.970000      16222.42        4.21346700e-03        1.76674753e-06  85.1717  84.5918
0202-10-23_23:58:34.043000      16224.49        4.23365100e-03        1.77341098e-06  85.1697  84.5878
0202-10-23_23:58:36.145000      16226.60        4.01140100e-03        1.78785184e-06  85.1239  84.6140
0202-10-23_23:58:38.240000      16228.69        3.95404000e-03        1.83328180e-06  85.1564  84.6292
0202-10-23_23:58:40.332000      16230.78        4.44112800e-03        1.77691265e-06  85.1543  84.6202
0202-10-23_23:58:42.430000      16232.88        4.00546600e-03        1.73433368e-06  85.2380  84.6038
0202-10-23_23:58:44.516000      16234.97        4.16501000e-03        1.80346932e-06  85.2173  84.6180
0202-10-23_23:58:46.600000      16237.05        3.96057200e-03        1.82711354e-06  85.2359  84.6291
0202-10-23_23:58:48.688000      16239.14        4.14141300e-03        1.77111636e-06  85.1682  84.6356
0202-10-23_23:58:50.832000      16241.28        4.19929500e-03        1.76188069e-06  85.1958  84.6373
0202-10-23_23:58:52.930000      16243.38        4.24196500e-03        1.87821361e-06  85.2157  84.6485
0202-10-23_23:58:55.016000      16245.47        4.37998800e-03        1.78186874e-06  85.2821  84.6757
0202-10-23_23:58:57.110000      16247.56        4.09310600e-03        1.76841752e-06  85.3144  84.6744
0202-10-23_23:58:59.195000      16249.65        4.05526000e-03        1.81118252e-06  85.2578  84.6761
0202-10-23_23:59:01.312000      16251.77        3.65098400e-03        1.79633879e-06  85.2416  84.7024
0202-10-23_23:59:03.418000      16253.87        4.11247300e-03        1.79261936e-06  85.2802  84.7439
0202-10-23_23:59:05.500000      16255.95        3.72712000e-03        1.79029519e-06  85.3059  84.7644
0202-10-23_23:59:07.586000      16258.04        3.92005600e-03        1.81502530e-06  85.3450  84.7573
0202-10-23_23:59:09.664000      16260.12        3.90350700e-03        1.75837800e-06  85.2926  84.7796
0202-10-23_23:59:11.766000      16262.22        3.80221600e-03        1.77449228e-06  85.3462  84.7942
0202-10-23_23:59:13.887000      16264.34        4.10505200e-03        1.87489784e-06  85.2855  84.7896
0202-10-23_23:59:15.973000      16266.43        3.82284700e-03        1.77427634e-06  85.3809  84.8037
0202-10-23_23:59:18.070000      16268.52        3.82878500e-03        1.76389502e-06  85.3979  84.8175
0202-10-23_23:59:20.145000      16270.60        4.09808000e-03        1.78301637e-06  85.4203  84.8264
0202-10-23_23:59:22.305000      16272.75        3.96718000e-03        1.83303258e-06  85.3715  84.8406
0202-10-23_23:59:24.395000      16274.85        3.86217700e-03        1.81044157e-06  85.3925  84.8499
0202-10-23_23:59:26.484000      16276.94        3.86499900e-03        1.78400823e-06  85.3538  84.8124
0202-10-23_23:59:28.582000      16279.03        4.14208500e-03        1.75943392e-06  85.4161  84.8285
0202-10-23_23:59:30.660000      16281.11        3.75383900e-03        1.79271563e-06  85.4404  84.8499
0202-10-23_23:59:32.740000      16283.19        4.06847400e-03        1.83733925e-06  85.4802  84.8547
0202-10-23_23:59:34.883000      16285.34        3.90165800e-03        1.79513220e-06  85.4740  84.8651
0202-10-23_23:59:36.960000      16287.41        3.95174700e-03        1.76829552e-06  85.4715  84.8724
0202-10-23_23:59:39.047000      16289.50        3.83843400e-03        1.79004985e-06  85.4306  84.8814
0202-10-23_23:59:41.137000      16291.59        3.85646600e-03        1.84192547e-06  85.4523  84.8941
0202-10-23_23:59:43.215000      16293.67        3.74968200e-03        1.81806305e-06  85.4338  84.8918
0202-10-23_23:59:45.360000      16295.81        4.22415600e-03        1.78567962e-06  85.4937  84.9151
0202-10-23_23:59:47.450000      16297.90        3.73587800e-03        1.75989677e-06  85.5529  84.9755
0202-10-23_23:59:49.527000      16299.98        3.91738500e-03        1.83036592e-06  85.5325  84.9789
0202-10-23_23:59:51.600000      16302.05        4.20493300e-03        1.81561515e-06  85.5671  84.9869
0202-10-23_23:59:53.703000      16304.15        4.04784000e-03        1.79497653e-06  85.5150  84.9951
0202-10-23_23:59:55.812000      16306.26        4.03522400e-03        1.77694109e-06  85.4924  85.0054
0202-10-23_23:59:57.900000      16308.35        4.32848600e-03        1.81059516e-06  85.5637  85.0119
0202-10-23_23:59:59.900000      16310.45        3.88933400e-03        1.79231236e-06  85.5464  85.0376
0202-10-24_00:00:02.098000      16312.55        3.73795400e-03        1.82023338e-06  85.5685  85.0422
0202-10-24_00:00:04.176000      16314.63        4.13206500e-03        1.83086261e-06  85.5734  85.0307
0202-10-24_00:00:06.280000      16316.73        4.03485500e-03        1.76185111e-06  85.5369  85.0441
0202-10-24_00:00:08.363000      16318.82        3.70100100e-03        1.79696152e-06  85.6806  85.0444
0202-10-24_00:00:10.460000      16320.91        3.56082500e-03        1.80226065e-06  85.6331  85.0429
0202-10-24_00:00:12.543000      16322.99        3.68875700e-03        1.85887703e-06  85.7374  85.0506
0202-10-24_00:00:14.617000      16325.07        3.85075000e-03        1.81419084e-06  85.6140  85.0544
0202-10-24_00:00:16.710000      16327.16        3.97059400e-03        1.76432949e-06  85.6381  85.0805
0202-10-24_00:00:18.855000      16329.31        3.85305300e-03        1.81264088e-06  85.6436  85.0866
0202-10-24_00:00:20.957000      16331.41        4.04071900e-03        1.83836177e-06  85.6731  85.0906
0202-10-24_00:00:23.043000      16333.49        4.11255200e-03        1.76851303e-06  85.7160  85.1121
0202-10-24_00:00:25.117000      16335.57        3.98536300e-03        1.78657960e-06  85.7597  85.1145
0202-10-24_00:00:27.215000      16337.67        3.82812000e-03        1.83610007e-06  85.6906  85.1197
0202-10-24_00:00:29.336000      16339.79        3.93890900e-03        1.85887669e-06  85.6941  85.1294
0202-10-24_00:00:31.418000      16341.87        3.77728500e-03        1.76615757e-06  85.6839  85.1666
0202-10-24_00:00:33.508000      16343.96        4.03663500e-03        1.77235537e-06  85.7197  85.1974
0202-10-24_00:00:35.590000      16346.04        4.33093600e-03        1.80415059e-06  85.7634  85.2075
0202-10-24_00:00:37.676000      16348.13        4.24211100e-03        1.85345413e-06  85.8004  85.2149
0202-10-24_00:00:39.812000      16350.27        3.98327900e-03        1.77675626e-06  85.7682  85.2283
0202-10-24_00:00:41.890000      16352.34        4.10987200e-03        1.78716938e-06  85.7405  85.2434
0202-10-24_00:00:43.984000      16354.44        4.22585500e-03        1.83504746e-06  85.7825  85.2461
0202-10-24_00:00:46.082000      16356.53        3.89704900e-03        1.83532586e-06  85.7885  85.2455
0202-10-24_00:00:48.164000      16358.62        4.13384400e-03        1.77914263e-06  85.8322  85.2744
0202-10-24_00:00:50.280000      16360.73        4.53826900e-03        1.78658000e-06  85.8348  85.2754
0202-10-24_00:00:52.395000      16362.85        3.94469300e-03        1.83817619e-06  85.8155  85.2799
0202-10-24_00:00:54.473000      16364.92        3.94261600e-03        1.81093690e-06  85.8433  85.2688
0202-10-24_00:00:56.570000      16367.02        4.16293300e-03        1.75834852e-06  85.8331  85.2621
0202-10-24_00:00:58.645000      16369.10        3.98142500e-03        1.82345574e-06  85.9051  85.2984
0202-10-24_00:01:00.746000      16371.20        3.49122000e-03        1.84173929e-06  85.9014  85.2955
0202-10-24_00:01:02.855000      16373.31        4.35898700e-03        1.79429510e-06  85.9309  85.3016
0202-10-24_00:01:04.934000      16375.38        3.86128400e-03        1.81261003e-06  85.8602  85.3082
0202-10-24_00:01:07.027000      16377.48        4.07855800e-03        1.87985621e-06  85.8345  85.3074
0202-10-24_00:01:09.113000      16379.56        4.59785000e-03        1.79144400e-06  85.9274  85.3325
0202-10-24_00:01:11.210000      16381.66        4.20730200e-03        1.78905761e-06  85.9707  85.3386
0202-10-24_00:01:13.340000      16383.79        3.99537100e-03        1.87176728e-06  85.9228  85.3560
0202-10-24_00:01:15.420000      16385.87        4.08122900e-03        1.78038057e-06  85.9557  85.3939
0202-10-24_00:01:17.520000      16387.97        3.98216400e-03        1.81211333e-06  86.0075  85.4199
0202-10-24_00:01:19.617000      16390.07        4.20181500e-03        1.85930959e-06  85.9901  85.4314
0202-10-24_00:01:21.703000      16392.15        4.10935400e-03        1.81496517e-06  86.0095  85.4350
0202-10-24_00:01:23.830000      16394.28        4.11410400e-03        1.77551609e-06  85.9673  85.4459
0202-10-24_00:01:25.926000      16396.38        4.23357800e-03        1.82280534e-06  85.9301  85.4372
0202-10-24_00:01:28.008000      16398.46        4.14468200e-03        1.79795087e-06  85.9684  85.4610
0202-10-24_00:01:30.086000      16400.54        4.36989600e-03        1.75301682e-06  86.0582  85.4748
0202-10-24_00:01:32.184000      16402.64        4.31824800e-03        1.82562454e-06  86.0557  85.4827
0202-10-24_00:01:34.340000      16404.79        4.55192400e-03        1.83216357e-06  85.9856  85.4893
0202-10-24_00:01:36.434000      16406.88        4.33420200e-03        1.76563015e-06  86.0210  85.4669
0202-10-24_00:01:38.510000      16408.96        4.24144400e-03        1.81524522e-06  86.1108  85.4988
0202-10-24_00:01:40.600000      16411.05        4.28819400e-03        1.81254897e-06  86.0894  85.4862
0202-10-24_00:01:42.690000      16413.14        4.38748000e-03        1.79265401e-06  86.0477  85.5003
0202-10-24_00:01:44.805000      16415.26        4.02424000e-03        1.77474270e-06  86.0731  85.5229
0202-10-24_00:01:46.890000      16417.34        3.98520800e-03        1.83479944e-06  86.0502  85.5233
0202-10-24_00:01:48.973000      16419.43        3.86121000e-03        1.84214384e-06  86.1085  85.5284
0202-10-24_00:01:51.055000      16421.51        4.13940800e-03        1.80012356e-06  86.1607  85.5468
0202-10-24_00:01:53.150000      16423.60        4.12642300e-03        1.76538482e-06  86.1451  85.5584
0202-10-24_00:01:55.242000      16425.69        4.23610100e-03        1.80907944e-06  86.1841  85.5561
0202-10-24_00:01:57.340000      16427.79        4.24938500e-03        1.84713409e-06  86.0850  85.5683
0202-10-24_00:01:59.438000      16429.89        4.00873400e-03        1.80343951e-06  86.1220  85.6196
0202-10-24_00:02:01.523000      16431.97        4.28552400e-03        1.79128986e-06  86.1133  85.6320
0202-10-24_00:02:03.610000      16434.06        4.08546400e-03        1.80430551e-06  86.1879  85.6525
0202-10-24_00:02:05.688000      16436.14        4.18349200e-03        1.87570425e-06  86.2077  85.6456
0202-10-24_00:02:07.820000      16438.27        4.11418500e-03        1.78062985e-06  86.2730  85.6662
0202-10-24_00:02:09.918000      16440.37        4.06795300e-03        1.80334481e-06  86.1613  85.6717
0202-10-24_00:02:11.996000      16442.45        3.72415400e-03        1.85618112e-06  86.1937  85.6879
0202-10-24_00:02:14.070000      16444.52        4.14230400e-03        1.81019320e-06  86.2210  85.6884
0202-10-24_00:02:16.156000      16446.61        4.05199700e-03        1.75782174e-06  86.2890  85.7035
0202-10-24_00:02:18.316000      16448.77        4.33939700e-03        1.82364239e-06  86.2715  85.7132
0202-10-24_00:02:20.410000      16450.86        4.26689600e-03        1.85927943e-06  86.2718  85.6934
0202-10-24_00:02:22.484000      16452.94        4.17465600e-03        1.77870797e-06  86.2241  85.6951
0202-10-24_00:02:24.574000      16455.02        4.20107400e-03        1.79438799e-06  86.2886  85.7085
0202-10-24_00:02:26.656000      16457.11        4.21435900e-03        1.81803266e-06  86.3389  85.7317
0202-10-24_00:02:28.734000      16459.18        4.12160200e-03        1.82416848e-06  86.3310  85.7334
0202-10-24_00:02:30.863000      16461.32        4.01207500e-03        1.77563934e-06  86.2803  85.7339
0202-10-24_00:02:32.953000      16463.40        3.95894300e-03        1.78512203e-06  86.2926  85.7522
0202-10-24_00:02:35.030000      16465.48        3.85572100e-03        1.83867104e-06  86.3175  85.7435
0202-10-24_00:02:37.110000      16467.56        4.15121200e-03        1.81731818e-06  86.3020  85.7607
0202-10-24_00:02:39.195000      16469.65        3.84021400e-03        1.78605030e-06  86.3835  85.7852
0202-10-24_00:02:41.312000      16471.76        3.51830600e-03        1.82996170e-06  86.4043  85.7958
0202-10-24_00:02:43.395000      16473.84        3.72830900e-03        1.84675767e-06  86.3382  85.8457
0202-10-24_00:02:45.492000      16475.94        3.82032500e-03        1.78546145e-06  86.3790  85.8357
0202-10-24_00:02:47.566000      16478.02        3.77038400e-03        1.78995558e-06  86.4240  85.8618
0202-10-24_00:02:49.645000      16480.10        4.07715300e-03        1.88400726e-06  86.4160  85.8772
0202-10-24_00:02:51.730000      16482.18        3.92710800e-03        1.79860157e-06  86.4331  85.8802
0202-10-24_00:02:53.844000      16484.30        4.07173600e-03        1.80600733e-06  86.4012  85.8929
0202-10-24_00:02:55.920000      16486.37        3.93571500e-03        1.81967355e-06  86.4189  85.8966
0202-10-24_00:02:57.996000      16488.45        3.95857100e-03        1.80424104e-06  86.4673  85.9241
0202-10-24_00:03:00.086000      16490.54        4.01919800e-03        1.75986652e-06  86.5398  85.9249
0202-10-24_00:03:02.164000      16492.62        4.17317600e-03        1.85714093e-06  86.4175  85.9343
0202-10-24_00:03:04.285000      16494.74        3.45456500e-03        1.78199256e-06  86.4216  85.9356
0202-10-24_00:03:06.383000      16496.83        3.99664200e-03        1.78310790e-06  86.5043  85.9289
0202-10-24_00:03:08.457000      16498.91        4.00094500e-03        1.87046594e-06  86.5213  85.9357
0202-10-24_00:03:10.566000      16501.02        4.11485000e-03        1.82621399e-06  86.4741  85.9439
0202-10-24_00:03:12.664000      16503.11        3.78656100e-03        1.77594996e-06  86.4866  85.9392
0202-10-24_00:03:14.740000      16505.19        4.03455900e-03        1.86178955e-06  86.5608  85.9657
0202-10-24_00:03:16.848000      16507.30        3.78997400e-03        1.80083607e-06  86.5796  85.9720
0202-10-24_00:03:18.926000      16509.38        3.83279200e-03        1.84068769e-06  86.6238  85.9852
0202-10-24_00:03:21.023000      16511.47        4.06980400e-03        1.84384858e-06  86.5004  85.9791
0202-10-24_00:03:23.100000      16513.55        3.86439900e-03        1.85323818e-06  86.5135  85.9900
0202-10-24_00:03:25.190000      16515.64        3.87812700e-03        1.83030629e-06  86.5788  86.0116
0202-10-24_00:03:27.285000      16517.74        4.16382200e-03        1.80210626e-06  86.6534  86.0257
0202-10-24_00:03:29.367000      16519.82        4.00554100e-03        1.82903510e-06  86.6673  86.0660
0202-10-24_00:03:31.460000      16521.91        3.95908900e-03        1.82125685e-06  86.6149  86.0823
0202-10-24_00:03:33.535000      16523.99        3.88005900e-03        1.80886099e-06  86.5928  86.1050
0202-10-24_00:03:35.613000      16526.06        3.73654300e-03        1.80241481e-06  86.6122  86.1070
0202-10-24_00:03:37.710000      16528.16        3.79301400e-03        1.79649591e-06  86.5673  86.1028
0202-10-24_00:03:39.810000      16530.26        3.82692600e-03        1.87520547e-06  86.6807  86.1279
0202-10-24_00:03:41.902000      16532.35        3.94261300e-03        1.81688445e-06  86.6923  86.1440
0202-10-24_00:03:43.980000      16534.43        4.03166200e-03        1.81889874e-06  86.7187  86.1376
0202-10-24_00:03:46.070000      16536.52        4.22890200e-03        1.79990153e-06  86.7685  86.1602
0202-10-24_00:03:48.150000      16538.60        4.01608000e-03        1.83485722e-06  86.6920  86.1707
0202-10-24_00:03:50.285000      16540.74        3.78188500e-03        1.83826601e-06  86.6630  86.1642
0202-10-24_00:03:52.383000      16542.84        3.65788700e-03        1.84892738e-06  86.7185  86.1708
0202-10-24_00:03:54.477000      16544.93        4.04917800e-03        1.85611683e-06  86.7234  86.1522
0202-10-24_00:03:56.560000      16547.01        3.94803500e-03        1.80944739e-06  86.6891  86.1712
0202-10-24_00:03:58.656000      16549.11        3.72853400e-03        1.81474640e-06  86.6865  86.1762
0202-10-24_00:04:00.730000      16551.18        3.68987200e-03        1.83120156e-06  86.7717  86.1833
0202-10-24_00:04:02.844000      16553.29        3.83346100e-03        1.84288607e-06  86.8243  86.2121
0202-10-24_00:04:04.918000      16555.37        4.24953600e-03        1.85779158e-06  86.8024  86.2201
0202-10-24_00:04:07.016000      16557.47        4.12130600e-03        1.85221356e-06  86.8261  86.2179
0202-10-24_00:04:09.100000      16559.55        4.11566600e-03        1.79959433e-06  86.8623  86.2292
0202-10-24_00:04:11.188000      16561.64        4.06973100e-03        1.82993256e-06  86.8657  86.2374
0202-10-24_00:04:13.312000      16563.76        4.17376900e-03        1.80975871e-06  86.7930  86.2452
0202-10-24_00:04:15.402000      16565.85        3.92184000e-03        1.87418461e-06  86.7859  86.2592
0202-10-24_00:04:17.492000      16567.94        3.98847600e-03        1.83910505e-06  86.8259  86.3213
0202-10-24_00:04:19.580000      16570.03        3.83791100e-03        1.81533647e-06  86.8397  86.3332
0202-10-24_00:04:21.656000      16572.11        3.76199700e-03        1.83464387e-06  86.8426  86.3331
0202-10-24_00:04:23.750000      16574.20        3.74804700e-03        1.77564074e-06  86.8441  86.3256
0202-10-24_00:04:25.840000      16576.29        3.43905200e-03        1.84558276e-06  86.8689  86.3473
0202-10-24_00:04:27.914000      16578.37        3.47088600e-03        1.88019745e-06  86.9260  86.3622
0202-10-24_00:04:30             16580.45        3.50346300e-03        1.80616465e-06  86.9265  86.3694
0202-10-24_00:04:32.074000      16582.53        4.08724100e-03        1.80526720e-06  86.9833  86.3873
0202-10-24_00:04:34.150000      16584.60        3.90209700e-03        1.86566467e-06  86.9619  86.3903
0202-10-24_00:04:36.258000      16586.71        3.82195500e-03        1.83204155e-06  86.8925  86.4038
0202-10-24_00:04:38.350000      16588.80        3.98728700e-03        1.89058024e-06  86.9232  86.4178
0202-10-24_00:04:40.440000      16590.89        3.95626800e-03        1.80408977e-06  86.9343  86.3833
0202-10-24_00:04:42.535000      16592.99        3.71569200e-03        1.80852120e-06  86.9761  86.4033
0202-10-24_00:04:44.637000      16595.09        3.67458100e-03        1.85773100e-06  87.0130  86.4055
0202-10-24_00:04:46.715000      16597.17        3.87145000e-03        1.83052263e-06  87.0608  86.4165
0202-10-24_00:04:48.830000      16599.28        3.71391000e-03        1.82330221e-06  86.9870  86.4272
0202-10-24_00:04:50.910000      16601.36        3.92458100e-03        1.81189828e-06  86.9932  86.4441
0202-10-24_00:04:53.008000      16603.46        4.03641100e-03        1.85587173e-06  87.0146  86.4460
0202-10-24_00:04:55.086000      16605.54        3.99322200e-03        1.78722985e-06  87.1107  86.4698
0202-10-24_00:04:57.170000      16607.62        4.00479700e-03        1.84121291e-06  87.0889  86.4674
0202-10-24_00:04:59.285000      16609.74        3.64526800e-03        1.85704830e-06  86.9985  86.4852
0202-10-24_00:05:01.375000      16611.83        4.24418500e-03        1.82593373e-06  87.0741  86.4875
0202-10-24_00:05:03.460000      16613.91        3.80971000e-03        1.81037740e-06  87.0223  86.5379
0202-10-24_00:05:05.550000      16616.00        4.04420100e-03        1.84620068e-06  87.1433  86.5541
0202-10-24_00:05:07.637000      16618.09        3.79768800e-03        1.82519042e-06  87.1066  86.5698
0202-10-24_00:05:09.727000      16620.18        3.66604600e-03        1.79711438e-06  87.0874  86.5779
0202-10-24_00:05:11.840000      16622.29        3.89534300e-03        1.84087078e-06  87.0856  86.5794
0202-10-24_00:05:13.920000      16624.37        3.97489300e-03        1.85946405e-06  87.2230  86.6024
0202-10-24_00:05:16.020000      16626.47        3.72296300e-03        1.80067792e-06  87.1877  86.6128
0202-10-24_00:05:18.105000      16628.56        3.43244600e-03        1.82131622e-06  87.2119  86.6158
0202-10-24_00:05:20.207000      16630.66        3.41434000e-03        1.85326592e-06  87.1174  86.6266
0202-10-24_00:05:22.330000      16632.78        3.65654800e-03        1.86144701e-06  87.1867  86.6341
0202-10-24_00:05:24.410000      16634.86        3.81950500e-03        1.78682646e-06  87.1515  86.6010
0202-10-24_00:05:26.508000      16636.96        3.58293600e-03        1.79869513e-06  87.2368  86.6419
0202-10-24_00:05:28.605000      16639.06        3.80251200e-03        1.86525952e-06  87.2521  86.6323
0202-10-24_00:05:30.695000      16641.14        4.03722600e-03        1.84567398e-06  87.2911  86.6389
0202-10-24_00:05:32.810000      16643.26        3.91419200e-03        1.78397487e-06  87.1993  86.6531
0202-10-24_00:05:34.910000      16645.36        4.01051100e-03        1.79509999e-06  87.2313  86.6762
0202-10-24_00:05:36.992000      16647.44        3.89727400e-03        1.84629437e-06  87.2316  86.6684
0202-10-24_00:05:39.080000      16649.53        4.07254900e-03        1.87136448e-06  87.2489  86.6690
0202-10-24_00:05:41.164000      16651.62        4.21576700e-03        1.82860011e-06  87.2821  86.7056
0202-10-24_00:05:43.254000      16653.71        4.19283600e-03        1.83126510e-06  87.3086  86.7053
0202-10-24_00:05:45.402000      16655.85        4.02735900e-03        1.83024246e-06  87.3641  86.7214
0202-10-24_00:05:47.480000      16657.93        4.08293900e-03        1.83798989e-06  87.3600  86.7679
0202-10-24_00:05:49.566000      16660.02        3.76029100e-03        1.82983976e-06  87.3363  86.7771
0202-10-24_00:05:51.664000      16662.12        3.82418300e-03        1.85807076e-06  87.2750  86.7843
0202-10-24_00:05:53.766000      16664.22        3.98751200e-03        1.84877458e-06  87.2842  86.7934
0202-10-24_00:05:55.848000      16666.30        3.72163100e-03        1.81124686e-06  87.3341  86.8092
0202-10-24_00:05:57.945000      16668.40        3.46198200e-03        1.79934707e-06  87.3441  86.8206
0202-10-24_00:06:00.030000      16670.48        3.54783900e-03        1.82698840e-06  87.3408  86.8234
0202-10-24_00:06:02.133000      16672.58        3.83004500e-03        1.86928841e-06  87.3677  86.8417