# Ic = 0.63 A, n = 13.57 , Tavg = 60.64 K, icvt-60K
#datetime                        t_s     iHTS_A                vHTS_V                tHTS_K  tTAR_K
0202-10-28_13:04:50.395000      67602.73        4.79593400e-02       -4.27343410e-09  60.7415  59.9494
0202-10-28_13:04:50.598000      67602.93        1.23694100e-02       -2.60000810e-09  60.6935  60.0580
0202-10-28_13:04:50.793000      67603.13        2.20563000e-02       -5.82290210e-09  60.6935  60.0580
0202-10-28_13:04:50.984000      67603.32        3.20385300e-02       -8.30205210e-09  60.6935  60.0580
0202-10-28_13:04:51.188000      67603.52        4.17981400e-02       -4.39739110e-09  60.6935  60.0580
0202-10-28_13:04:51.383000      67603.72        5.17907600e-02       -5.63696610e-09  60.6935  60.0580
0202-10-28_13:04:51.574000      67603.91        6.19911600e-02       -5.32707310e-09  60.6596  60.0289
0202-10-28_13:04:51.780000      67604.11        7.17210900e-02       -1.08431801e-08  60.6596  60.0289
0202-10-28_13:04:51.973000      67604.31        8.13248700e-02       -8.98387810e-09  60.6596  60.0289
0202-10-28_13:04:52.164000      67604.50        9.17488000e-02       -1.07813531e-08  60.6596  60.0289
0202-10-28_13:04:52.370000      67604.70        1.01278400e-01       -1.58017581e-08  60.7015  60.0645
0202-10-28_13:04:52.562000      67604.90        1.10962300e-01       -2.48506901e-08  60.7015  60.0645
0202-10-28_13:04:52.758000      67605.09        1.21541100e-01       -2.37970511e-08  60.7015  60.0645
0202-10-28_13:04:52.960000      67605.30        1.31021700e-01       -1.23309761e-08  60.7015  60.0645
0202-10-28_13:04:53.156000      67605.49        1.41165700e-01       -5.45133110e-09  60.7015  60.0645
0202-10-28_13:04:53.355000      67605.69        1.51625900e-01       -4.21175610e-09  60.7015  60.0645
0202-10-28_13:04:53.547000      67605.88        1.60766600e-01       -1.09054641e-08  60.6443  60.0471
0202-10-28_13:04:53.742000      67606.08        1.70378400e-01       -8.61224910e-09  60.6443  60.0471
0202-10-28_13:04:53.934000      67606.27        1.80914200e-01       -4.52164910e-09  60.6443  60.0471
0202-10-28_13:04:54.140000      67606.47        1.90847400e-01        2.97778290e-09  60.6443  60.0471
0202-10-28_13:04:54.344000      67606.68        2.00095000e-01        3.65954990e-09  60.7150  60.0575
0202-10-28_13:04:54.535000      67606.87        2.10767400e-01        2.04810090e-09  60.7150  60.0575
0202-10-28_13:04:54.730000      67607.06        2.20626400e-01        5.60610900e-10  60.7150  60.0575
0202-10-28_13:04:54.920000      67607.26        2.29638000e-01       -4.39769210e-09  60.7150  60.0575
0202-10-28_13:04:55.117000      67607.45        2.40595400e-01       -2.91020110e-09  60.7150  60.0575
0202-10-28_13:04:55.316000      67607.65        2.50398200e-01       -7.37267310e-09  60.7150  60.0575
0202-10-28_13:04:55.516000      67607.85        2.60442800e-01       -6.93882210e-09  60.6607  60.0522
0202-10-28_13:04:55.707000      67608.04        2.69878800e-01       -7.80652510e-09  60.6607  60.0522
0202-10-28_13:04:55.900000      67608.23        2.80334500e-01       -6.87684310e-09  60.6607  60.0522
0202-10-28_13:04:56.090000      67608.42        2.90031800e-01       -9.54193110e-09  60.6607  60.0522
0202-10-28_13:04:56.312000      67608.65        3.00394000e-01       -9.10807910e-09  60.6607  60.0522
0202-10-28_13:04:56.508000      67608.84        3.10091200e-01       -2.35239210e-09  60.6950  60.0550
0202-10-28_13:04:56.710000      67609.04        3.19853800e-01        5.39495590e-09  60.6950  60.0550
0202-10-28_13:04:56.906000      67609.24        3.29270100e-01        3.47361290e-09  60.6950  60.0550
0202-10-28_13:04:57.098000      67609.43        3.39921700e-01        4.03142190e-09  60.6950  60.0550
0202-10-28_13:04:57.312000      67609.65        3.49663500e-01        1.88737900e-10  60.6950  60.0550
0202-10-28_13:04:57.508000      67609.84        3.59636800e-01       -1.11281610e-09  60.6450  60.0404
0202-10-28_13:04:57.715000      67610.05        3.69323700e-01       -4.27373410e-09  60.6450  60.0404
0202-10-28_13:04:57.910000      67610.24        3.79139700e-01       -3.22011310e-09  60.6450  60.0404
0202-10-28_13:04:58.105000      67610.44        3.89291100e-01       -2.91024710e-09  60.6450  60.0404
0202-10-28_13:04:58.324000      67610.66        3.99458900e-01       -1.36081410e-09  60.6450  60.0404
0202-10-28_13:04:58.520000      67610.85        4.08941600e-01       -2.78633610e-09  60.6972  60.0421
0202-10-28_13:04:58.720000      67611.05        4.19202900e-01       -3.46810310e-09  60.6972  60.0421
0202-10-28_13:04:58.910000      67611.25        4.29272700e-01       -4.64570010e-09  60.6972  60.0421
0202-10-28_13:04:59.105000      67611.44        4.39164400e-01       -8.98421510e-09  60.6972  60.0421
0202-10-28_13:04:59.336000      67611.67        4.49216400e-01       -8.24047010e-09  60.6972  60.0421
0202-10-28_13:04:59.540000      67611.87        4.59033900e-01       -9.35608810e-09  60.6483  60.0338
0202-10-28_13:04:59.742000      67612.07        4.68659900e-01       -6.87693610e-09  60.6483  60.0338
0202-10-28_13:04:59.934000      67612.27        4.78170200e-01       -4.52174210e-09  60.6483  60.0338
0202-10-28_13:05:00.140000      67612.48        4.88793700e-01       -7.41036100e-10  60.6483  60.0338
0202-10-28_13:05:00.350000      67612.68        4.98884300e-01       -1.29884510e-09  60.6483  60.0338
0202-10-28_13:05:00.555000      67612.89        5.08120000e-01        8.08433900e-10  60.6797  60.0353
0202-10-28_13:05:00.746000      67613.08        5.18354500e-01        1.18030690e-09  60.6797  60.0353
0202-10-28_13:05:00.938000      67613.27        5.28275900e-01        3.78341590e-09  60.6797  60.0353
0202-10-28_13:05:01.140000      67613.48        5.38115700e-01        6.07663190e-09  60.6797  60.0353
0202-10-28_13:05:01.340000      67613.68        5.48069700e-01        3.59747990e-09  60.6797  60.0353
0202-10-28_13:05:01.543000      67613.88        5.58017800e-01        5.51882290e-09  60.6247  60.0381
0202-10-28_13:05:01.746000      67614.08        5.67707500e-01        8.55578290e-09  60.6247  60.0381
0202-10-28_13:05:01.945000      67614.28        5.77559200e-01        1.76046879e-08  60.6247  60.0381
0202-10-28_13:05:02.150000      67614.48        5.87672000e-01        3.00624249e-08  60.6247  60.0381
0202-10-28_13:05:02.344000      67614.68        5.96820100e-01        4.23962049e-08  60.6247  60.0381
0202-10-28_13:05:02.547000      67614.88        6.07358900e-01        7.29517509e-08  60.7323  60.0402
0202-10-28_13:05:02.742000      67615.07        6.18136600e-01        9.81151419e-08  60.7323  60.0402
0202-10-28_13:05:02.934000      67615.27        6.27362000e-01        1.41438320e-07  60.7323  60.0402
0202-10-28_13:05:03.137000      67615.47        6.36462600e-01        1.91145313e-07  60.7323  60.0402
0202-10-28_13:05:03.360000      67615.69        6.47808900e-01        2.46554356e-07  60.7323  60.0402
0202-10-28_13:05:03.562000      67615.90        6.57587800e-01        3.28180443e-07  60.6651  60.0372
0202-10-28_13:05:03.754000      67616.09        6.66974900e-01        4.08195206e-07  60.6651  60.0372
0202-10-28_13:05:03.957000      67616.29        6.77062500e-01        5.06060034e-07  60.6651  60.0372
0202-10-28_13:05:04.160000      67616.49        6.86604000e-01        6.67577486e-07  60.6651  60.0372
0202-10-28_13:05:04.355000      67616.69        6.96601000e-01        8.06906468e-07  60.7012  60.0286
0202-10-28_13:05:04.562000      67616.89        7.07071500e-01        1.04075360e-06  60.7012  60.0286
0202-10-28_13:05:04.754000      67617.09        7.16687200e-01        1.24392108e-06  60.7012  60.0286
0202-10-28_13:05:04.950000      67617.28        7.26482500e-01        1.48278851e-06  60.7012  60.0286
0202-10-28_13:05:05.152000      67617.49        7.36633900e-01        1.86334017e-06  60.7012  60.0286
0202-10-28_13:05:05.344000      67617.68        7.46666600e-01        2.20137416e-06  60.7012  60.0286
0202-10-28_13:05:05.540000      67617.87        7.55596500e-01        2.57058363e-06  60.6470  60.0195
0202-10-28_13:05:05.742000      67618.08        7.66156100e-01        3.14376631e-06  60.6470  60.0195
0202-10-28_13:05:05.934000      67618.27        7.76276300e-01        4.52422671e-06  60.6470  60.0195
0202-10-28_13:05:06.130000      67618.46        7.85191500e-01        4.60411776e-06  60.6470  60.0195
0202-10-28_13:05:06.336000      67618.67        7.96364000e-01        5.97187243e-06  60.6470  60.0195
0202-10-28_13:05:06.527000      67618.86        8.06020300e-01        6.04451193e-06  60.6992  60.0276
0202-10-28_13:05:06.720000      67619.05        8.14721700e-01        7.21963557e-06  60.6992  60.0276
0202-10-28_13:05:06.910000      67619.25        8.26153900e-01        8.63647767e-06  60.6992  60.0276
0202-10-28_13:05:07.113000      67619.45        8.35705700e-01        9.94305895e-06  60.6992  60.0276
0202-10-28_13:05:07.320000      67619.65        8.46265300e-01        1.15414998e-05  60.6992  60.0276
0202-10-28_13:05:07.523000      67619.86        8.55751800e-01        1.27502780e-05  60.6402  60.0248
0202-10-28_13:05:07.720000      67620.05        8.65658300e-01        1.46646263e-05  60.6402  60.0248
0202-10-28_13:05:07.910000      67620.24        8.75009800e-01        1.48043272e-05  60.6402  60.0248
0202-10-28_13:05:08.100000      67620.44        8.85963600e-01        1.75241557e-05  60.6402  60.0248
0202-10-28_13:05:08.330000      67620.66        8.95999300e-01        2.00353625e-05  60.6402  60.0248