# Ic = 0.63 A, n = 13.28 , Tavg = 60.58 K, icvt-60K
#datetime                        t_s     iHTS_A                vHTS_V                tHTS_K  tTAR_K
0202-10-28_13:06:12.040000      67684.37        1.71023300e-02        4.50244268e-08  60.5634  60.0087
0202-10-28_13:06:12.312000      67684.65        1.28713200e-02        4.27312148e-08  60.5634  60.0087
0202-10-28_13:06:12.510000      67684.84        2.23222100e-02        3.80828118e-08  60.6673  60.0148
0202-10-28_13:06:12.710000      67685.05        3.19823700e-02        3.58515788e-08  60.6673  60.0148
0202-10-28_13:06:12.914000      67685.25        4.14644300e-02        2.63068588e-08  60.6673  60.0148
0202-10-28_13:06:13.105000      67685.44        5.19646000e-02        2.68646678e-08  60.6673  60.0148
0202-10-28_13:06:13.316000      67685.65        6.15653900e-02        2.32079238e-08  60.6673  60.0148
0202-10-28_13:06:13.510000      67685.85        7.13294300e-02        3.05833898e-08  60.6056  60.0234
0202-10-28_13:06:13.703000      67686.04        8.17140700e-02        3.10172408e-08  60.6056  60.0234
0202-10-28_13:06:13.910000      67686.24        9.14335900e-02        3.24427508e-08  60.6056  60.0234
0202-10-28_13:06:14.100000      67686.44        1.00811800e-01        2.69266458e-08  60.6056  60.0234
0202-10-28_13:06:14.336000      67686.67        1.11573100e-01        2.46333828e-08  60.6056  60.0234
0202-10-28_13:06:14.530000      67686.87        1.20537200e-01        1.89932418e-08  60.6871  60.0198
0202-10-28_13:06:14.740000      67687.07        1.31212500e-01        1.95509458e-08  60.6871  60.0198
0202-10-28_13:06:14.930000      67687.26        1.41089400e-01        1.68858338e-08  60.6871  60.0198
0202-10-28_13:06:15.125000      67687.46        1.50127700e-01        2.07285158e-08  60.6871  60.0198
0202-10-28_13:06:15.332000      67687.66        1.61028400e-01        2.09764308e-08  60.6871  60.0198
0202-10-28_13:06:15.523000      67687.86        1.70814700e-01        2.25878778e-08  60.5906  60.0230
0202-10-28_13:06:15.715000      67688.05        1.80089000e-01        1.98608138e-08  60.5906  60.0230
0202-10-28_13:06:15.920000      67688.25        1.90837000e-01        2.11623668e-08  60.5906  60.0230
0202-10-28_13:06:16.113000      67688.45        2.00921700e-01        2.02946648e-08  60.5906  60.0230
0202-10-28_13:06:16.330000      67688.66        2.10329500e-01        2.56248358e-08  60.5906  60.0230
0202-10-28_13:06:16.523000      67688.86        2.20507600e-01        2.40753678e-08  60.6439  60.0260
0202-10-28_13:06:16.715000      67689.05        2.30568500e-01        2.73602408e-08  60.6439  60.0260
0202-10-28_13:06:16.910000      67689.24        2.39852600e-01        2.43852608e-08  60.6439  60.0260
0202-10-28_13:06:17.100000      67689.44        2.49612200e-01        2.47571338e-08  60.6439  60.0260
0202-10-28_13:06:17.320000      67689.65        2.60237000e-01        2.33316228e-08  60.6439  60.0260
0202-10-28_13:06:17.516000      67689.85        2.69756200e-01        1.97988348e-08  60.6082  60.0267
0202-10-28_13:06:17.720000      67690.05        2.79673100e-01        2.02326858e-08  60.6082  60.0267
0202-10-28_13:06:17.918000      67690.25        2.89900200e-01        2.31456868e-08  60.6082  60.0267
0202-10-28_13:06:18.113000      67690.45        3.00161400e-01        2.28357928e-08  60.6082  60.0267
0202-10-28_13:06:18.320000      67690.66        3.08914800e-01        2.01087288e-08  60.6082  60.0267
0202-10-28_13:06:18.516000      67690.85        3.19427800e-01        2.27118348e-08  60.6761  60.0297
0202-10-28_13:06:18.707000      67691.04        3.29649000e-01        2.67404528e-08  60.6761  60.0297
0202-10-28_13:06:18.914000      67691.25        3.38673900e-01        3.18227088e-08  60.6761  60.0297
0202-10-28_13:06:19.110000      67691.44        3.49358100e-01        2.41373458e-08  60.6761  60.0297
0202-10-28_13:06:19.305000      67691.64        3.59004900e-01        2.46331758e-08  60.6761  60.0297
0202-10-28_13:06:19.510000      67691.85        3.68136700e-01        2.19061118e-08  60.6001  60.0168
0202-10-28_13:06:19.703000      67692.04        3.79036100e-01        2.50670268e-08  60.6001  60.0168
0202-10-28_13:06:19.900000      67692.23        3.89297400e-01        2.04186218e-08  60.6001  60.0168
0202-10-28_13:06:20.100000      67692.44        3.98069800e-01        1.86832178e-08  60.6001  60.0168
0202-10-28_13:06:20.300000      67692.63        4.08716900e-01        1.81874218e-08  60.6001  60.0168
0202-10-28_13:06:20.492000      67692.83        4.18930700e-01        1.92411108e-08  60.6688  60.0159
0202-10-28_13:06:20.688000      67693.02        4.27738900e-01        1.86213918e-08  60.6688  60.0159
0202-10-28_13:06:20.880000      67693.21        4.38607200e-01        1.88073438e-08  60.6688  60.0159
0202-10-28_13:06:21.074000      67693.41        4.48682900e-01        1.96130678e-08  60.6688  60.0159
0202-10-28_13:06:21.290000      67693.62        4.58252500e-01        2.27739818e-08  60.6688  60.0159
0202-10-28_13:06:21.520000      67693.85        4.68837100e-01        2.35177258e-08  60.6012  60.0148
0202-10-28_13:06:21.710000      67694.04        4.77373700e-01        2.35177258e-08  60.6012  60.0148
0202-10-28_13:06:21.914000      67694.25        4.88316200e-01        2.89098738e-08  60.6012  60.0148
0202-10-28_13:06:22.117000      67694.45        4.96609400e-01        3.12650648e-08  60.6012  60.0148
0202-10-28_13:06:22.312000      67694.65        5.07268400e-01        3.13890228e-08  60.6012  60.0148
0202-10-28_13:06:22.520000      67694.85        5.19258600e-01        2.51291728e-08  60.6584  60.0103
0202-10-28_13:06:22.710000      67695.04        5.26274100e-01        2.53151088e-08  60.6584  60.0103
0202-10-28_13:06:22.914000      67695.25        5.37056200e-01        2.97775758e-08  60.6584  60.0103
0202-10-28_13:06:23.110000      67695.44        5.47863600e-01        3.60994048e-08  60.6584  60.0103
0202-10-28_13:06:23.336000      67695.67        5.58219800e-01        4.29170628e-08  60.6584  60.0103
0202-10-28_13:06:23.535000      67695.87        5.67408100e-01        4.51482968e-08  60.5984  60.0136
0202-10-28_13:06:23.740000      67696.07        5.77320500e-01        5.85976768e-08  60.5984  60.0136
0202-10-28_13:06:23.930000      67696.26        5.86716500e-01        7.12413348e-08  60.5984  60.0136
0202-10-28_13:06:24.125000      67696.46        5.96890200e-01        8.39469708e-08  60.5984  60.0136
0202-10-28_13:06:24.340000      67696.67        6.05760800e-01        1.09296264e-07  60.5984  60.0136
0202-10-28_13:06:24.535000      67696.87        6.16819000e-01        1.38240322e-07  60.6469  60.0202
0202-10-28_13:06:24.727000      67697.06        6.26088600e-01        1.66254700e-07  60.6469  60.0202
0202-10-28_13:06:24.920000      67697.26        6.36916800e-01        2.24080838e-07  60.6469  60.0202
0202-10-28_13:06:25.113000      67697.45        6.47124600e-01        2.76886701e-07  60.6469  60.0202
0202-10-28_13:06:25.332000      67697.67        6.56637800e-01        3.45683071e-07  60.6469  60.0202
0202-10-28_13:06:25.535000      67697.87        6.66951000e-01        4.41130379e-07  60.6128  60.0183
0202-10-28_13:06:25.742000      67698.08        6.77109800e-01        5.32611263e-07  60.6128  60.0183
0202-10-28_13:06:25.938000      67698.27        6.86437500e-01        6.81608881e-07  60.6128  60.0183
0202-10-28_13:06:26.130000      67698.46        6.96430100e-01        8.23602967e-07  60.6128  60.0183
0202-10-28_13:06:26.348000      67698.68        7.06375900e-01        1.04740930e-06  60.6128  60.0183
0202-10-28_13:06:26.540000      67698.87        7.15961800e-01        1.23886255e-06  60.6634  60.0211
0202-10-28_13:06:26.730000      67699.07        7.26086500e-01        1.46806102e-06  60.6634  60.0211
0202-10-28_13:06:26.938000      67699.27        7.34091900e-01        1.82487445e-06  60.6634  60.0211
0202-10-28_13:06:27.130000      67699.46        7.46215700e-01        2.13687702e-06  60.6634  60.0211
0202-10-28_13:06:27.348000      67699.68        7.56077700e-01        2.48854618e-06  60.5916  60.0054
0202-10-28_13:06:27.540000      67699.87        7.65041800e-01        3.01567804e-06  60.5916  60.0054
0202-10-28_13:06:27.730000      67700.07        7.75617600e-01        4.33415848e-06  60.5916  60.0054
0202-10-28_13:06:27.920000      67700.26        7.86202700e-01        4.43475049e-06  60.5916  60.0054
0202-10-28_13:06:28.117000      67700.45        7.95981600e-01        5.67470345e-06  60.5916  60.0054
0202-10-28_13:06:28.316000      67700.65        8.05542300e-01        5.87117705e-06  60.5916  60.0054
0202-10-28_13:06:28.508000      67700.84        8.15904400e-01        7.36245508e-06  60.6838  60.0087
0202-10-28_13:06:28.715000      67701.05        8.25622500e-01        8.59707783e-06  60.6838  60.0087
0202-10-28_13:06:28.910000      67701.24        8.35570500e-01        8.72394895e-06  60.6838  60.0087
0202-10-28_13:06:29.110000      67701.44        8.44990300e-01        1.01870885e-05  60.6838  60.0087
0202-10-28_13:06:29.340000      67701.67        8.55895600e-01        1.27131067e-05  60.6838  60.0087
0202-10-28_13:06:29.543000      67701.88        8.65031200e-01        1.28394820e-05  60.5835  60.0076
0202-10-28_13:06:29.734000      67702.07        8.74635000e-01        1.55796379e-05  60.5835  60.0076
0202-10-28_13:06:29.930000      67702.26        8.85207900e-01        1.67312086e-05  60.5835  60.0076
0202-10-28_13:06:30.133000      67702.46        8.95111400e-01        1.80483255e-05  60.5835  60.0076
0202-10-28_13:06:30.336000      67702.67        9.05552200e-01        2.11614712e-05  60.5835  60.0076